2
4950 4949
4943 4173
479 3016
432 812
278 4773
1133 3847
3097 4520
2406 1431
2737 1139
3730 4860
804 3390
2915 3668
3877 3319
4945 681
2595 1904
3145 143
1728 3745
2070 1392
953 911
3614 4613
937 1488
2753 2997
2215 3423
616 2330
210 110
4696 2521
4070 4206
2617 3247
81 3675
2834 769
4273 2075
846 3281
162 4161
4626 961
4025 2884
2652 3647
3960 2080
663 1240
1850 2721
1105 4373
3044 2426
101 2206
2651 2366
3065 3604
4179 1150
2708 3276
1201 2917
1331 1741
2320 1111
1517 4324
3216 972
2243 197
1924 166
541 4567
945 3763
2910 1848
541 942
1004 1768
4399 2812
4765 4725
3888 2549
2651 3540
1415 547
2022 4160
2567 4118
3385 3368
4185 3610
3298 788
2440 1615
3507 1009
665 2931
4693 3615
4184 3070
1743 4897
4282 4815
2452 615
2666 3505
1121 3287
282 4661
1416 226
71 4027
544 427
3192 1408
1875 902
2885 1428
823 2004
2318 1152
2694 4235
556 2257
3603 3961
147 3599
4555 1254
2781 521
2440 4376
189 857
1506 808
898 4238
1813 1389
4494 1036
4672 478
1343 1610
2633 4234
1837 1184
1026 1517
3926 3189
3189 3782
4545 4330
3766 551
1817 4255
1553 2538
3204 3973
1761 3659
634 2371
159 683
4346 4522
379 3421
3563 3309
1054 712
4347 3512
61 348
3076 4727
953 3498
2124 2272
1024 4288
544 4643
2110 2379
4755 2433
2068 1103
2633 1481
95 3783
2117 531
4808 3701
541 4667
3598 2503
28 671
2104 3579
4142 1183
2118 2814
3746 1638
3835 1551
2117 867
3204 3907
179 148
788 114
4025 3837
2495 4810
215 2516
1095 1046
4785 466
1401 1100
39 4269
2633 962
3882 2578
401 877
2832 2844
4273 4721
2245 1999
2708 2934
4788 2457
2070 1439
4785 2133
406 3695
2110 1990
1616 2852
1891 2508
3803 1014
407 81
1754 3949
3268 4634
1876 3895
179 4106
2371 3046
771 893
2412 3473
2167 1310
1242 1223
3640 4408
2633 3248
2386 1802
3365 1996
1490 2996
2206 2857
1293 196
2708 394
3457 147
4615 2682
2070 2633
3882 3088
884 4896
3322 4858
3853 2258
1642 4819
4140 3043
1343 2016
179 3023
2645 4600
2744 4841
1490 1630
2651 4595
4527 2266
2155 1995
1746 3772
3041 2062
2558 2649
3590 4381
3647 4536
1342 2695
1988 4877
4615 2831
2974 1031
964 4004
4479 202
1076 3047
3748 1963
4584 844
684 51
756 688
1798 379
4591 4533
4422 1086
4655 1178
3245 3542
2523 3727
1817 3687
2369 2006
1367 3169
4739 1759
1080 2311
4039 4369
4788 4715
1915 2343
865 2690
3640 2580
4462 1603
2619 789
2915 2180
3550 3401
2261 2795
2070 1930
4808 3546
1114 2582
1601 1038
1426 1922
2617 16
2688 361
634 4876
3832 186
2915 102
2380 2848
2974 4703
2070 1365
133 2463
4506 2673
1708 1109
2658 917
2371 907
968 4837
4826 4935
4826 1227
3570 2041
2022 1505
3762 4309
4100 2307
3647 803
1050 3348
3268 391
684 299
1940 1917
2256 532
4003 2533
1622 4909
3752 2250
3539 307
4101 3231
656 3585
2377 2370
4925 2815
1686 3265
4465 2954
609 2841
636 538
656 3196
4774 2659
2116 3873
531 1
2245 4711
1076 965
3031 2865
3339 752
3563 4265
4563 1546
4060 1060
3024 4383
1096 106
2117 620
1252 3504
4465 1910
3364 4196
3186 1750
1794 311
3620 433
2757 1247
3339 3529
3080 3308
3420 77
4118 4290
3685 100
2737 4774
3996 1827
3853 1987
1988 2447
2752 3168
1794 2211
1728 3254
2038 1589
2974 4653
1785 670
4306 2759
4496 508
1876 1292
4099 548
4319 489
4403 772
1988 3485
127 1181
2708 3165
2725 2526
159 2438
975 3203
2214 4103
2592 1614
1475 158
1837 173
191 2616
249 643
3613 430
1646 4232
4594 3897
3571 4034
413 4849
552 2013
4222 4806
1401 1780
8 4276
1208 540
2386 3278
4150 3702
850 2939
1045 2168
1496 424
4044 3496
480 4870
2168 2204
1455 3901
2038 3060
4785 1751
3780 2291
3268 3810
4805 2338
1640 2391
937 3554
2633 2445
1015 3794
4914 3790
4843 4345
252 1243
2901 3918
547 4089
3576 2232
871 4444
485 606
2974 1618
2965 124
2245 3408
1343 3943
1194 2149
846 1685
4165 4754
2245 444
3069 2808
2980 2334
902 641
1091 4801
4705 1482
1885 1307
544 3909
1837 2998
3171 4722
1367 883
3793 175
3292 2163
1940 3844
2651 2174
2386 3221
4013 1059
2358 1315
4415 1440
984 4530
1236 4743
1399 1480
3635 805
456 2105
4281 4614
2779 506
4199 4792
2737 4353
1308 3207
3563 1341
1236 4693
4581 2031
1414 292
2725 1543
4531 1792
110 2937
4050 3199
1133 3374
633 948
3613 1852
1728 2834
3613 3288
1194 3006
2527 1079
4788 3416
841 222
2023 4188
2385 4287
2192 3523
3640 1525
41 707
4204 619
2440 4885
1548 1347
4615 1169
3882 1275
1340 2292
2902 245
1088 599
2110 4584
4025 1837
4615 987
3339 4307
552 4147
3118 2653
1133 2588
2688 1421
609 2167
2737 3334
2708 2530
1831 194
286 4007
4015 4009
3723 4475
2412 3768
1860 4729
4422 3732
1490 526
1497 785
1988 4153
1828 2478
4273 1880
636 1756
2639 3728
159 879
653 1129
2509 4447
2695 432
2072 3087
486 931
1344 4316
188 3711
1141 3075
1060 749
2604 2581
3995 572
2737 4563
1481 3003
4410 1372
3640 2435
4791 258
2043 1007
3754 2419
2117 4130
1699 4553
2915 998
202 4339
555 927
1815 1083
2879 2254
4243 1468
544 1012
2725 1499
3613 4646
2915 1340
4785 1001
656 2500
953 1504
307 1027
953 3713
3640 2440
1787 2489
4601 2479
2617 363
122 360
4187 2743
771 4608
2440 162
2819 3255
3367 4889
3840 1496
3486 2393
1008 600
334 695
4029 3761
480 1749
2647 4950
544 4416
4764 2385
1481 2202
2612 4527
1980 1363
4812 2356
3581 731
1194 2172
3976 4779
101 289
100 2
293 982
1738 1554
2923 149
4822 2870
257 2610
254 474
3827 304
2023 2670
2974 2283
3882 550
3461 4508
2077 4472
4785 3391
2708 981
2005 2312
2611 588
4770 798
3612 2641
2209 3387
4568 3638
1547 4594
4728 64
2350 4433
3166 3026
1867 1994
4603 4894
2243 1410
3558 1508
2633 583
6 4066
609 1339
4595 4883
2258 1322
18 3132
3132 1268
1875 1414
1785 498
656 3346
609 1520
1754 4359
3954 1107
3948 3205
3190 1620
2549 2200
2385 4882
214 1818
2110 821
4101 2373
2326 676
2673 279
3583 943
1695 922
3008 2156
2070 2321
3292 153
2110 1816
2022 612
2244 2214
3292 3940
4651 4702
588 1458
1988 1108
1078 344
1876 3223
4925 3628
2043 1700
1785 2956
1097 2912
364 728
1754 4064
4199 12
3148 10
979 2091
3036 2459
2795 4342
60 2325
684 227
3209 1377
4521 2960
1754 2639
3563 2879
4451 2081
4545 1984
1343 4273
3206 4797
3153 355
2440 1237
3755 4558
4672 4256
2725 3419
732 4053
1967 2003
4774 295
1401 780
2606 3568
2821 3854
636 464
2225 3492
3348 4239
3732 3280
1343 708
879 4174
1133 624
1754 1273
1755 482
163 939
2688 1705
1716 2529
2037 172
1830 2846
4569 3425
2120 275
71 2160
368 2205
1987 4905
3206 4936
961 3748
2150 732
4193 4626
3613 2787
759 2667
2660 1202
636 1965
541 4499
3747 1412
4199 2835
3466 1742
87 2278
1073 199
631 157
2915 1091
302 4215
2068 2140
862 4914
3077 2878
4774 3571
1988 3982
3884 2226
188 1541
3114 2764
4595 4332
2617 2901
3885 242
4785 4684
1490 3337
3605 2217
3625 923
3640 1688
4095 2342
2070 838
244 2131
3885 793
58 4250
4349 1383
4347 2691
855 4120
2612 3917
4788 2340
676 4096
252 389
454 436
3618 3329
2038 2109
1076 2203
64 568
1204 1657
1728 2711
636 1093
1794 4272
1785 3503
473 3564
973 3911
429 3266
4332 978
3275 678
1817 2853
2688 3400
3192 2488
1595 3866
4595 2424
4134 188
1413 312
3137 130
3885 3636
3640 2498
2401 767
1091 3734
1622 4149
327 3215
4375 525
879 3760
1201 4770
684 4821
4025 3920
616 2475
4273 2771
3292 2563
2005 2240
3312 3580
2660 1985
1794 4592
195 2464
3955 4850
2696 4840
2874 1357
634 415
3141 3032
1011 916
3348 2154
3347 1624
4166 1633
2702 3233
2156 4823
4785 660
600 2674
684 2791
721 3690
1021 3214
3834 3885
705 3886
4332 2754
46 4517
4485 2909
1911 2842
4918 1348
2883 40
4401 3487
252 2127
1843 1777
1507 2768
3620 4760
2964 4013
720 4282
1376 431
3996 1509
455 341
3613 2295
2487 2628
2874 4349
3268 250
4615 3939
4127 1825
2913 2772
36 31
2370 817
2480 1721
2651 4082
4832 3896
3112 1155
4595 1897
541 2051
3873 1459
1401 3744
708 4547
947 1390
4788 925
3563 4321
4808 293
3923 4709
3916 3433
619 1869
3799 1769
656 3840
3749 70
2117 3201
1748 848
2526 1929
846 4313
4774 380
2178 4423
2737 3175
4065 1375
974 3018
787 4285
676 1332
2921 815
2023 4172
3563 2638
210 1838
1348 1156
3649 4696
478 4059
937 2502
2197 4892
4803 6
57 3965
4259 1710
216 4771
4551 3888
3586 1163
3249 1770
452 2621
1021 3603
4826 747
4595 4107
2915 4686
2819 810
4288 4712
2440 3655
2371 3128
3882 2716
2295 3913
878 4155
2038 1581
4267 2453
805 3765
2633 4824
3987 4024
2038 1728
3468 4816
3853 3898
2872 4588
3457 4421
2023 1718
3953 4142
2974 2625
126 2411
204 2693
2651 1642
902 4554
352 3273
4025 3797
3268 3677
2056 3041
3875 1764
4798 1515
2158 2712
33 4915
4524 3935
2725 1193
1975 852
3607 4927
3220 954
879 3584
2152 2895
2117 2432
3225 3642
4819 3024
3651 1600
469 2669
22 2472
4068 291
2829 1612
2022 1999
2479 417
4724 2972
4826 1361
3268 4838
2038 2686
978 1117
4595 4800
3296 4267
3613 723
3550 814
684 326
3223 602
179 1447
1199 3743
1881 2040
3620 2123
2894 3787
3828 3508
2737 4479
986 644
3887 1885
4273 3725
3292 909
3457 1537
2130 586
2110 27
1025 2560
3105 1331
2117 2451
267 4767
4324 887
85 1507
937 2597
1654 2536
934 65
2154 4022
4720 1886
4649 1220
4465 1658
3292 2165
3519 997
2360 4032
4025 1976
4463 4451
3292 189
3375 4137
3413 3902
3146 4434
2101 2427
245 3581
2626 2069
4556 3736
3339 1096
609 4210
3927 54
2388 2468
1401 1527
1481 4756
2805 2423
3732 174
2708 168
1490 4621
1785 3213
1824 1716
4413 1555
213 2011
1401 4193
4712 2265
1708 4454
1352 4511
4112 3143
1608 1701
1057 3379
1830 404
3552 3237
4447 706
1070 2262
1896 459
2124 1793
2117 1213
3021 1822
159 45
661 2704
4783 4301
1763 3678
3170 308
953 994
110 3773
4754 2891
1569 782
2672 411
1503 2656
284 1308
3274 4040
2110 2386
2308 50
1785 605
1009 2813
377 4347
4852 2528
1728 2441
3268 2880
2865 823
846 3010
1817 1479
3485 966
71 4673
1186 4737
2751 2093
3038 797
2371 129
1076 1364
3587 3841
3199 2158
1631 1309
2197 2042
2070 3371
1120 496
4201 1029
1297 3980
1791 2060
2621 125
4199 1704
4459 863
3174 2305
604 4243
541 4829
2369 44
846 2948
1194 4166
661 1382
1170 2553
481 4529
544 1776
3658 2744
3303 4575
636 2717
2038 4844
3304 559
2725 4241
628 4641
4912 2185
1046 4937
2886 4716
3146 4378
2371 3985
1671 3737
4595 185
4495 1345
319 1943
1918 1380
3951 3130
2103 4480
684 4055
1630 2579
606 3134
2709 2603
1000 1892
879 87
3402 1189
3853 1475
1843 2354
480 4775
810 4391
879 4225
3146 3836
2022 3530
937 4223
1726 321
1091 1463
2196 2862
2985 4732
1019 3612
3146 2015
4155 4586
1572 1293
462 4726
1697 2347
4925 2382
1234 3709
1652 2372
1172 2591
4813 3019
2997 4057
2737 4323
1367 2629
795 2817
1785 947
1194 1538
3026 3362
3206 3478
967 3285
2038 2332
3018 4676
1194 4394
3571 2388
1728 4685
3737 3331
4025 401
1940 4146
378 1595
3849 30
4595 1988
2484 795
3521 118
4049 3964
4914 2828
3044 2071
1012 4861
3853 283
1390 1640
2486 3355
2212 1334
2974 610
4655 4191
1248 580
1194 3086
3495 1845
3101 3465
3507 4354
728 1239
2386 1303
4765 2985
1837 2614
2616 4293
4249 2918
1397 890
3213 2420
4025 4071
1876 576
3908 4714
3559 239
1343 2788
4580 284
2221 1587
846 1269
3904 913
1076 2462
3995 3904
445 1689
1133 4833
4465 2467
894 80
2616 1676
4788 1047
2806 1483
1921 2615
3887 4887
953 3521
1255 1044
3498 1285
2110 860
4518 2779
2982 3938
1337 1487
3689 842
2361 2111
3432 945
1993 2212
4916 2097
1076 3186
3897 3520
2023 4691
3679 2713
2073 2050
2656 4795
3130 770
2651 4865
417 2678
303 919
2440 405
4634 1804
4808 3260
2887 938
651 4366
3375 3370
4925 953
3539 3759
3674 4101
936 3107
1490 61
2371 2274
4361 3267
3964 3048
4826 1190
1026 4035
4445 2797
2617 1898
3563 97
1988 3574
541 515
1743 2155
3640 1524
4329 3159
3835 716
4182 1847
2725 4687
4086 1054
4808 3707
1076 4627
2708 1368
1124 799
2293 1820
1710 1070
2536 4430
1817 3137
2651 4002
78 2228
2532 4312
1046 4245
2344 3058
1609 3816
4925 2221
642 1004
1343 4862
2117 2365
3376 4526
4456 2151
2993 3083
2633 760
4774 2709
15 1786
497 3102
3890 950
1133 2101
539 3726
4053 1214
1488 3689
4785 2829
1367 1544
2640 1884
897 4589
3344 1997
2725 1449
2070 4178
4077 3147
4609 2058
1076 1957
4160 1787
2640 3914
653 4167
1889 3356
2070 3804
3059 2820
541 1219
3905 2822
1349 1041
1320 4094
75 2728
2296 3567
2651 1089
3514 1948
3384 437
1035 4377
3146 898
2922 1211
574 4769
3339 2647
4262 4532
2440 1185
3720 1416
2622 4574
1418 1933
2245 4411
480 730
110 1173
2489 4654
4826 2537
1299 190
2070 2924
4166 941
3604 1779
2985 4115
4065 5
2362 3106
846 2748
4380 753
2013 57
2297 4163
1251 3424
3450 4154
2737 3632
4788 4437
1940 325
3608 2493
2165 3661
4580 4678
2708 235
2265 1255
2135 2545
1343 591
1372 2635
2274 527
983 4523
4808 2395
4788 2903
159 3631
1332 2790
3352 4597
3740 3950
2237 3067
846 3524
1785 4335
4055 8
4615 2818
2110 777
3522 4108
714 989
1900 692
856 2586
1380 4907
1343 4100
2386 3903
4199 4485
2147 2122
2383 3428
3847 3791
4785 1437
4290 3654
4199 1559
2674 776
1942 4904
1943 1866
4741 1469
937 779
1687 1290
919 4048
480 2130
4004 3635
2536 667
2931 3493
1264 2374
656 1643
4554 2732
4945 1753
179 1226
3917 1912
1728 1945
2688 1758
4721 4240
3482 395
2790 63
1060 269
3486 66
3146 618
2280 2949
2352 4117
3868 1212
4785 4636
3146 933
3180 2769
4614 3583
1794 4231
1819 3135
2725 4061
2974 673
2005 3072
1785 4461
4527 4941
3138 2128
4902 2910
1794 2047
1398 3284
372 3180
2828 2672
206 639
3227 557
1790 2067
3082 3136
1229 4105
3651 2577
1367 4934
2633 1905
4882 3526
3332 4259
4004 826
989 4623
2553 1245
1951 2868
3146 1861
68 255
910 2637
4895 4326
1754 2583
448 1435
4023 3079
4721 985
1785 3089
937 1386
1785 1832
1930 3596
4756 2481
1539 261
2023 1373
2921 3275
2334 1854
1381 3271
1722 4585
3547 4903
1940 3160
1517 4253
1679 1540
1958 3013
3471 3296
1883 1256
480 4524
3300 3220
245 3778
3976 1369
4097 3312
1003 3641
761 467
4025 25
848 4297
1754 223
2420 905
3415 915
90 4901
3744 4534
2386 1349
1159 4682
1539 505
4788 3968
3339 2022
724 3394
1170 4694
1157 4471
4595 1208
2508 2645
4293 4802
2386 4544
2349 4539
4790 2733
2708 2215
2375 2383
3917 4906
2974 2830
4738 3803
3613 4620
1046 3656
4224 2368
2737 2571
2022 42
4615 2110
3468 1733
3411 3828
1481 2026
879 2540
469 3299
3733 4204
3127 2033
2116 3793
656 1453
696 3582
1091 3948
2943 225
2385 2053
3066 4113
8 2430
2430 1011
4129 2987
4258 2662
3563 19
604 2143
4774 1757
1946 3457
3036 3140
1988 1532
2117 711
1017 1272
970 2971
1343 4675
1817 3660
1457 1201
4241 1346
1302 2750
2363 2019
837 1828
1336 1628
2456 1935
3146 305
2897 4087
2688 3646
1565 3481
2301 4077
4696 2657
4788 1677
4647 2770
1401 657
4118 18
750 2349
4025 297
64 3219
1407 3519
893 4356
3300 3795
2202 2125
3349 2145
201 820
341 4067
3165 1901
2522 1790
1794 3545
605 17
544 596
4465 4635
4463 7
1329 2780
2492 171
4273 3916
1311 192
3640 2421
2059 1839
2470 2454
4925 4482
71 3274
4199 2904
3905 2000
2617 4900
1728 2936
4825 866
620 1591
4024 4442
4032 3686
179 895
684 3511
3977 1148
4278 1568
4556 1384
4343 2702
1871 1894
4774 1794
3846 2609
1481 2317
2937 4528
2844 701
4586 126
1220 4820
2238 2115
3853 3283
1805 689
1396 3038
3187 3454
2617 3910
4233 1652
2457 1498
4188 1249
4594 418
3980 1120
4865 1862
634 3243
4320 3924
3292 2869
3704 3190
544 1161
4595 908
1001 1824
1896 2977
4360 1106
2804 4331
4925 3426
634 1962
2794 2781
2688 2442
1940 1179
2439 956
937 2856
744 889
3339 4174
2747 621
179 2171
2271 2329
54 754
438 1679
2688 589
3146 4777
2245 656
740 4056
1185 519
2371 41
4005 4453
21 1026
4667 3229
4894 979
1490 2594
2386 2098
2474 4132
4322 1782
953 2336
3670 694
3240 246
3812 3525
249 1000
4471 3859
1919 1767
464 715
634 2541
3161 2575
1769 3216
4811 3933
2060 1680
2923 233
3632 4510
1350 4822
725 2112
2973 2182
1091 1941
1837 4194
2316 2887
2094 4185
3193 1889
747 2326
1858 3290
2329 2512
656 2596
1394 2584
1505 3338
2200 3941
3268 4372
2188 4319
1754 4799
3935 2346
3317 4310
3032 3381
1988 4538
2386 4275
3268 627
4633 4254
2110 1695
4379 2220
4199 3179
1837 2218
3158 439
2386 2018
3853 3292
684 1875
1481 3928
1817 152
1349 4704
4642 4762
2812 2532
3506 4884
937 2928
2820 561
4040 4
1460 4624
1212 2861
4141 82
4785 4336
133 1344
2371 3462
3794 497
3710 1896
4465 4069
2989 116
1403 3320
281 2271
2694 2850
1214 3884
644 1919
1401 4818
1686 3305
2725 737
3193 1989
866 3593
1194 1625
785 3742
1819 3868
609 2520
2737 2719
71 1617
4273 4925
3817 1238
2096 1271
480 390
168 3440
2058 3991
2688 445
4558 1711
3701 2434
1355 150
541 2725
3941 1082
2533 3839
1194 1260
4723 128
2 2742
1876 4412
2038 1333
3905 2297
2708 3723
173 4070
3655 876
1817 2339
4826 262
1514 2602
2615 2439
480 2418
4826 708
4615 3176
1490 1549
4226 590
68 491
4536 3729
2386 49
2360 3051
3817 4942
2659 217
3241 1745
3339 4005
879 2729
2714 4405
4025 996
240 3754
816 3969
1453 686
278 2029
4335 4581
2708 4796
3801 2358
3044 2396
2023 1951
1343 4674
2371 1170
277 2331
4356 1810
802 1760
1236 142
2164 1342
3740 4692
1367 3799
1399 2406
4788 2119
2401 1879
1940 368
3663 3501
846 2197
4870 625
2371 1789
2159 2303
4595 4038
183 3560
4595 4689
1367 1157
4475 888
1401 4736
159 2823
1677 3352
2440 3146
1837 1607
1929 1287
953 2929
1686 1878
2468 870
4359 1588
1623 912
4785 2492
2781 4781
846 205
2110 2471
3268 3705
2671 891
1566 4751
1532 655
2719 4663
2633 2187
2737 575
3268 3588
4808 4648
3631 3483
2688 3692
2222 775
102 607
636 203
2111 2940
4045 4848
3844 449
2326 3149
2497 2213
1921 2198
879 4052
2737 3633
3304 3699
1372 234
1631 3981
1481 2654
2070 3618
1503 2210
2863 1396
1794 3958
414 215
1186 4283
366 697
1787 3522
1265 4109
1179 1424
3292 74
2989 481
3178 79
2880 2025
2172 3151
2442 4852
4718 653
1382 1462
1109 2557
1104 4776
2117 1319
3980 1354
4471 4162
1569 3600
1003 36
2688 264
609 743
634 1925
334 3361
3613 3550
4826 2896
481 3537
3339 3477
480 3446
1717 501
1788 211
535 845
2096 2249
3292 2758
4788 897
2806 1432
3295 2083
889 2994
4531 1450
2206 3114
1362 4918
1838 252
1064 4047
634 370
3927 1222
3141 1860
344 2782
3637 1908
3089 2990
4774 4559
3330 1391
3448 2020
1091 3625
3613 1939
3383 2883
1785 2290
2708 1123
4419 677
3466 2402
3534 1952
4204 1717
4785 1402
2870 1722
768 3452
1876 2995
1133 774
1046 4603
3744 1725
4788 480
2038 3717
3343 3120
4826 1405
3945 1924
4713 2104
2117 3664
4795 2017
1966 2465
3534 3453
1433 1576
2514 759
879 3017
159 1834
336 103
1091 3894
2440 543
3557 1295
740 4576
2582 4198
4341 3009
1397 4337
3779 2938
4757 899
4850 2259
3574 2014
2022 3249
1475 1090
3255 2531
3529 2380
1330 2296
4273 2720
4208 1707
692 4270
699 2103
2399 786
339 3927
4872 4669
4261 4299
2513 4477
4297 1040
684 818
1511 4853
937 3311
2393 934
1414 864
4199 3731
3640 1500
2546 3327
4888 635
1226 259
559 3471
2568 3307
310 347
1133 1872
3441 4407
2275 529
4473 1144
4031 4008
3971 2219
2688 306
4721 1698
1385 4556
1003 494
2896 1949
1210 3034
2091 3559
3972 3078
1265 4598
3833 4690
3905 1180
4465 921
3700 2294
3853 2636
1133 3325
3170 1406
678 2677
2959 1407
1490 4717
2601 3608
784 4308
4582 4933
3392 477
3588 4587
794 2794
818 4701
614 408
4696 2164
1728 1194
4273 67
4825 3497
1973 1023
2033 108
1612 4782
970 849
874 381
3640 4464
457 388
450 1829
2955 4207
3524 1914
1490 1218
2245 253
4358 4783
2218 1130
2346 463
3620 3712
209 1330
4184 534
2915 999
3098 4610
3890 4718
1983 278
2386 3057
3640 4944
4033 3696
357 2942
1860 2548
4595 1639
1920 1200
879 4899
4289 862
1098 3385
2578 4054
3668 1819
1808 668
2651 4512
4167 3718
3613 2715
2022 4483
1302 2238
2371 2076
597 2276
2688 1801
1988 3347
1133 3870
1805 3549
3339 3779
3260 680
3882 4516
1988 4462
4270 2088
4709 949
3926 4812
1072 4375
1064 1877
4855 4830
4808 1316
686 1078
3735 1138
3613 4826
1325 3551
3882 4298
2352 1124
4644 1916
4777 2969
2022 756
3179 4728
782 661
4025 3740
3259 2836
423 1915
953 1906
281 4015
3472 84
312 2323
3455 1692
3025 3037
1512 4755
141 3380
736 4425
3309 4413
656 2408
1490 4733
1469 1362
937 317
1817 3411
1127 193
3853 1586
1091 371
913 1477
1988 364
4472 101
3555 210
680 2958
2835 3468
634 1115
2023 4700
3613 2612
3620 4481
2782 539
2437 2208
3491 2086
4514 4389
1794 4175
1133 4922
457 4719
412 2318
4465 4943
4742 2600
1876 3614
2617 4157
4465 1286
1876 4295
409 2766
3981 4748
2747 968
2624 3626
4788 2655
3579 229
1653 397
4480 1805
2378 4632
3609 3099
2230 995
3683 2412
1728 2316
3775 735
1968 4318
3882 3218
4398 669
1808 2642
3559 3792
4689 1454
1490 3441
2617 685
3633 2648
592 3857
2708 2309
2232 3270
3268 4439
1496 1074
1463 4182
2449 3624
1924 4186
879 2324
4849 2894
514 1868
4506 2957
541 2871
527 802
1194 2983
4230 442
317 1105
2617 3518
1481 3463
634 3937
40 2400
319 1713
2022 1235
2518 4537
1289 2592
2110 4079
3905 1947
420 2973
1585 601
2633 4042
4788 1842
3882 447
3572 2037
3413 4665
491 144
3951 4212
937 232
1783 4111
474 567
684 3517
506 456
4432 1302
4595 2731
1876 4945
3887 2235
1749 4498
4078 319
55 1783
4759 1887
1951 2177
4360 131
2658 3922
231 176
2327 260
1813 3012
2639 3663
3470 2107
451 696
4295 3235
2338 1663
2617 2301
4009 1870
3225 4879
1408 2893
4741 2327
1876 3161
4595 2404
2890 3306
59 3435
1728 1241
4465 3780
2637 628
2847 616
480 420
4016 2491
609 2096
1415 1723
4181 3598
3012 3553
1792 2840
4432 4619
1940 2248
4273 2473
2365 710
909 4571
2847 2961
2038 392
1367 165
265 3703
4889 2293
1876 4093
3905 1355
1864 3671
1838 522
1011 1858
2386 3171
1490 1893
620 4912
3715 228
2371 1356
3905 2535
544 3108
3156 2183
4711 1567
1475 4817
1208 4041
4686 4128
1076 3095
1794 15
915 2914
2057 3365
1837 4404
2264 4828
636 930
3640 675
3708 3491
2588 1104
3009 3993
3563 1856
3853 2036
3463 896
3776 4124
1091 4159
2915 303
2438 3869
1367 4724
1940 129
4615 1092
3101 1252
1837 3679
1837 3979
2879 4664
1499 2926
2089 1370
3353 1602
4615 536
4326 3162
1367 613
4064 762
3613 4058
3620 796
186 3208
146 2932
3104 3891
2070 3105
1076 3430
2270 2381
607 104
2980 3152
4858 2179
4099 2572
1133 1799
349 486
4412 4469
827 4921
1194 1807
2115 1010
2070 2416
3127 4452
2107 2550
969 4001
2022 490
2796 4431
71 4432
2725 2784
894 4609
953 1030
4252 914
4416 4156
2600 2515
2780 1964
4778 3332
4324 4929
2708 764
1016 2024
2974 4757
4815 33
3235 2513
1811 3056
1005 4519
1933 140
1122 3997
1817 3862
1282 2676
2397 3971
922 2730
2110 837
1011 117
3660 1740
879 614
3211 2687
984 4772
3168 2049
4889 3484
416 1651
4774 858
4269 2923
4807 1051
2026 3131
609 3158
3221 964
4257 1857
1035 3555
27 4579
2444 3558
4754 904
4755 963
3844 847
1967 2763
2155 28
159 72
2528 136
1794 1923
429 1650
3812 1062
2406 1621
3443 3830
2915 2414
622 3764
4788 3848
1367 1213
3339 1018
1325 429
1650 4151
2022 1127
3392 1318
2388 2854
3019 691
254 1230
4833 1472
3868 113
3620 4895
71 1142
541 1008
4925 813
3282 2510
2737 488
3598 3124
4025 3397
3640 4854
480 2552
4826 4490
322 1748
531 4500
2038 587
1714 3406
2600 310
1477 1236
159 4811
4741 1434
1211 4266
4185 2675
3785 2449
2023 2613
3200 4750
4864 182
2110 3115
480 4224
3173 4917
3772 3983
2408 2522
1147 286
1785 4197
4686 2360
2579 2561
3563 2300
3394 4327
3213 4890
4222 180
4506 288
1481 1401
2677 4016
3349 1493
1733 4633
3388 2376
3854 2118
3578 664
2687 894
3999 1882
4860 3762
1728 1288
1785 3815
1381 2225
950 766
1021 471
2704 859
202 1909
2077 2299
634 2899
3558 4322
179 3992
480 2611
2440 3269
4832 287
3499 3984
3853 1049
2897 3786
480 1430
609 4050
2197 3653
2382 885
161 4133
4582 4325
2244 1003
4138 2216
1072 2055
4710 1690
1310 2359
206 3826
4007 1446
3981 1323
4561 156
1490 1452
4212 387
1533 1967
1143 1661
4941 4747
2330 4939
4465 1577
4025 2796
1239 3594
4774 4274
1343 725
3590 940
89 2826
3332 1811
2440 3469
4785 2946
4908 322
159 3395
2023 745
1620 3388
1367 952
3237 4831
4826 3535
2965 3986
105 2452
953 3476
1490 830
3986 2945
31 4170
580 2345
3490 2527
3553 4393
39 2350
179 4808
4111 1427
3002 549
1754 4673
3268 2692
3541 861
1356 2517
2688 4226
4273 2925
1728 2978
715 198
159 473
2997 2809
559 4131
4269 1050
1490 59
1853 3366
4826 4734
1189 4217
2386 3028
858 1174
2387 4629
2167 3044
679 3148
1000 3947
2148 4647
3195 1773
4894 1727
3882 1461
2007 2126
3146 4658
544 3952
813 3357
480 4761
3169 3936
3640 3232
976 2707
1076 1161
541 1558
4199 3510
1785 3398
2022 1937
1758 1215
4595 280
2947 792
2688 3175
3905 2399
2022 4365
2922 4435
2612 3177
3786 4864
1589 3073
2633 2544
1861 3363
636 4419
4925 2124
3620 3606
4808 2801
574 4555
544 2534
187 2495
3105 1065
4465 2981
4268 4739
3921 3488
4296 1325
4668 4402
3446 3639
437 3303
392 658
3640 642
2557 141
4441 4759
1194 1891
3292 1696
2708 1048
2038 2074
1954 2417
1940 3081
2927 3798
1481 3217
1485 4000
4579 4390
4808 2851
1995 3528
2958 339
3292 3822
636 3756
4341 2302
2279 1381
1407 2077
2890 1883
60 3113
292 2244
4929 76
424 871
4808 2700
2511 3490
1490 4030
609 4202
3121 3975
1237 112
508 1154
959 4878
1320 4573
2782 3831
2614 3623
275 1678
2070 1149
2703 751
4273 2132
1806 2664
1473 4683
3001 3513
4774 135
4615 2233
2712 2178
3546 3304
413 335
1502 1684
1840 2631
988 2825
656 1126
4465 1864
2974 711
3950 4184
634 406
4359 2867
4344 3340
4589 1747
4455 1765
2963 273
529 771
3351 727
3518 4919
4384 4708
3620 4531
2915 3200
4808 4135
159 2785
3613 4695
3536 2229
3268 4264
1501 553
4363 2068
4819 4569
4847 853
1188 89
1904 4688
1549 3142
734 3144
2104 3616
2584 1729
1863 4145
3421 328
3513 1511
2379 3541
2241 3173
3019 3842
4925 4088
3442 4263
3745 3020
2942 3565
883 1289
1154 3929
1194 3139
1115 4764
1940 2279
2345 2194
1546 4766
4925 4591
1754 2876
1754 593
2420 784
1662 4244
4683 1803
346 2798
3893 1744
4716 3405
4215 1959
2010 3833
71 4570
684 2436
4788 452
4833 872
1481 3064
594 2922
2150 4361
2023 4252
633 804
2378 3856
1794 3353
1504 1338
4128 39
355 1234
2386 3449
2023 2261
1038 2134
2033 98
4077 4450
1076 1632
2025 3322
594 3776
1481 2002
3513 2800
340 1570
2688 4379
67 4928
2725 1545
225 4543
707 3879
2285 2979
71 969
1170 4441
25 4940
3292 3459
94 1649
806 1058
179 1888
4022 1936
3853 419
757 4190
2245 3246
3301 323
745 1052
4826 1017
538 3812
3292 4033
203 1016
1222 1063
2369 2505
2386 4098
4684 3150
64 2322
684 4078
3268 920
126 3123
1091 132
3709 3030
3620 4494
2617 3245
3278 383
1858 3474
1091 4786
4326 2573
2346 3238
3146 4249
1879 2252
480 4177
3098 4834
1618 4560
559 2255
3313 277
763 2606
1160 95
2240 4329
1738 3630
1418 3825
1826 3195
3884 4315
4471 1182
1977 4443
2750 320
3935 3375
1840 4875
4507 2461
813 1151
2245 3145
4875 3174
1053 1143
2633 4277
2651 983
648 1101
4366 1863
75 4021
4774 2546
656 1791
734 1502
609 4723
3563 2752
1045 4334
134 4385
480 4199
884 1970
1849 781
2023 2446
2996 2543
459 2650
1101 4110
543 1944
1817 2847
502 3658
1755 4868
607 765
1794 1812
1370 1457
846 1113
3393 2982
2761 1024
860 3163
937 4028
179 4713
3087 2139
634 13
378 35
1728 742
4925 4222
2019 3239
4025 4839
1385 2845
1728 3775
3587 4219
1076 2387
1415 2565
1076 2306
1876 4649
564 1867
1774 1141
3055 2890
937 1979
1036 2021
1549 4491
4495 577
4284 4680
4025 2627
2156 302
3563 3949
2473 2952
261 4317
86 3634
4021 1378
2457 3821
1890 53
4410 407
433 2375
1367 441
3664 1264
1432 4513
4106 2644
2454 3097
523 3570
4146 145
3667 1314
4826 1557
3568 3666
3604 1176
1737 1974
2773 533
541 359
3195 1320
115 1932
2725 3050
3146 111
4273 457
2416 1928
656 2146
1754 3110
3620 2474
1100 840
1988 3586
989 2094
1194 3721
302 1881
159 719
2640 3244
35 3261
1689 1724
762 832
2038 3467
2117 1485
2974 2328
1886 1394
4457 2314
2409 3771
2081 1998
3905 2034
362 2470
1828 3482
4187 4036
3009 4881
65 276
2021 1132
3537 2377
2737 1317
1794 569
1817 3685
4133 1736
3224 4362
3748 4397
936 2608
1668 1519
3104 1025
1988 4645
4243 2747
3646 2482
2745 1474
100 484
763 1415
1457 3004
4553 2855
88 4428
71 249
135 3667
3339 2089
1940 1233
2022 2668
4433 3316
1045 3576
1794 1560
3313 3141
636 1552
3786 1921
1481 2933
1768 592
1728 2807
1754 1634
3040 3382
3613 3657
906 1403
4156 4488
4785 181
2363 331
562 412
4785 1762
315 1553
291 2005
1091 1623
2717 208
4615 90
2245 2751
1808 4486
3999 2425
3590 1204
3640 721
1091 2970
2069 2777
38 3031
636 2315
3339 4068
3852 4410
2760 224
4595 3829
3419 1229
2443 2398
310 2570
3192 3688
2708 3753
4861 3486
4785 3404
3613 3708
1108 1738
3308 1991
4621 4495
1362 4384
2800 4195
4913 3383
2023 377
1284 4473
1343 375
4281 2799
2038 3091
3734 3824
3560 2251
3539 3601
4774 645
3905 3988
1940 1737
179 248
2765 4446
4456 3590
3268 1455
574 3188
1817 2745
3475 2280
3339 2320
793 3167
1285 1134
4762 2902
946 485
1541 2152
1219 4456
1562 2231
2972 313
2596 3432
1524 2569
557 3279
946 3767
4785 1584
1728 374
1076 1444
44 2044
2315 3015
4682 434
846 4023
2651 1516
1837 2714
1833 865
3917 2930
1496 869
4774 4753
2538 1831
3715 992
577 3499
4892 2243
3915 4311
78 2476
1152 1404
849 881
4799 2767
3252 3945
177 4286
1879 3182
406 1795
4693 353
4122 2568
1570 3259
4907 1895
3543 1121
4110 48
372 3942
1218 4617
2617 4593
2245 2756
632 649
1031 4205
4691 34
3328 37
1296 4248
2010 1636
4321 2007
2022 1631
464 492
798 1911
3478 3622
2541 3494
1290 632
1663 3409
2688 4065
2013 1635
1817 1422
2867 2494
2089 183
1401 3998
2651 1030
2915 3788
4037 342
2186 4227
4153 1686
4925 1573
2603 1198
3974 4341
4826 4302
2192 918
2772 4129
1876 3122
1837 2684
4001 2045
4199 163
1893 3850
2411 2555
4764 3042
4675 38
1957 247
4701 1781
4583 354
3958 1653
2567 3211
2466 960
1367 301
3785 4789
4311 1114
4584 4192
3390 564
1078 4305
3882 651
2589 1221
1974 4119
1401 1755
2410 3014
1810 3314
4855 2486
2023 637
179 4350
630 1232
3490 4582
3491 4738
4808 3222
4589 3226
1281 2142
2038 4076
4925 3258
1837 4785
4199 790
4709 4011
127 2991
2974 1980
4276 1859
3563 413
4465 504
3882 1771
2017 2967
4454 1664
4450 3752
2725 1327
1401 3447
1940 663
3237 2059
3268 1761
211 892
1612 2760
3427 4790
3905 2035
2815 4216
3594 1981
1194 717
653 4152
1367 127
2778 170
4785 1080
2899 1225
4105 1578
3378 4122
2617 4343
3359 3977
1217 4681
4808 2726
4504 2962
4131 2576
2091 3817
1194 1590
3311 4931
3688 3065
3224 4085
514 2284
4774 4090
2818 946
634 4602
2974 3755
4925 1257
1542 2567
554 4651
1441 3706
4922 3698
1940 4827
2792 3597
4595 2106
892 1278
3054 1160
684 73
1657 1162
2217 665
2636 3566
55 3345
1076 3562
1333 1119
2963 2562
96 503
1672 2907
159 1836
809 1706
4201 3544
1754 3514
4808 2422
1736 3049
4199 970
1728 2137
1622 4164
3419 698
4277 1796
4082 4625
841 2761
2117 468
4569 3119
1345 3944
2945 4436
4031 834
1116 2941
457 402
1847 3878
4925 1224
1815 462
1852 4278
179 2348
71 3899
1876 824
179 1175
3434 4924
3268 200
48 2196
1113 2837
3905 4171
713 3029
2937 4220
640 2092
2936 3619
3158 352
2720 4521
1800 3415
390 3835
3268 1494
1133 2008
1133 4888
2633 1251
1805 1068
1091 4910
4128 4657
1541 3538
1454 1147
2297 134
337 446
1940 745
1481 2273
2245 4541
1817 974
1988 3921
3401 1977
1076 4141
2628 1572
4746 595
2918 873
1091 3809
2745 2282
4774 633
609 1197
3146 2959
1940 2885
3146 1682
2974 3310
4180 2153
2314 1582
2395 3693
750 3670
757 4213
4262 2599
3563 4092
3464 1013
2022 2821
3135 2335
81 2739
2110 573
3778 1644
3112 4731
2597 338
3893 1659
1179 3022
2074 410
4581 4697
2117 3076
2869 1207
3104 4183
3103 372
1794 1228
963 502
4615 263
285 729
1091 3613
1785 3336
4788 1565
1367 3112
1728 3101
3904 2951
937 3954
1574 2362
1566 4031
2968 423
2633 3090
3258 3077
2371 1798
1705 672
1194 1451
1940 3085
4517 4247
1807 2415
828 524
1343 523
915 2288
484 476
2474 4474
1481 679
179 1291
4064 1277
846 1466
636 1043
4025 1691
2371 2192
846 2792
2980 3293
684 216
1728 2114
366 3318
2091 2551
480 107
4785 959
2065 3906
2871 4740
3302 3458
4126 212
4494 1067
2874 1843
1687 219
2110 3164
2733 4257
2110 611
937 254
3969 2775
2688 3998
2462 3900
879 1514
407 4805
476 2236
2826 825
4615 1501
2546 718
4653 2793
734 750
937 827
3620 122
1343 3834
4239 929
2974 2285
1527 2514
3438 768
1526 1274
283 1784
2511 1313
1728 479
2974 3871
2047 3242
879 4605
3905 3715
704 1808
2487 3877
2884 337
3613 1192
2065 22
3146 2048
2294 2989
684 23
4615 1045
1401 603
1671 4460
2070 4791
4142 3819
3613 1535
817 1899
4401 1973
953 520
1507 169
4361 2052
879 2287
3101 2078
4897 761
3152 4622
3097 2789
3942 3359
2677 617
2946 1667
1988 3194
2582 1983
4273 3808
2495 901
1490 3068
4199 1592
3799 3556
2737 584
4380 1563
3339 2367
3874 1968
1258 3384
59 3874
2915 3516
3214 835
3050 2622
684 3674
2953 4314
2676 604
609 4396
1680 3621
1273 3062
1988 4503
1568 690
1854 4233
1889 855
3473 1826
4788 811
4109 3683
2420 1585
2837 2833
855 4659
1433 4778
4465 2116
4427 3386
3009 4741
378 4169
2712 2504
3363 2604
3607 3358
3874 315
1841 2689
1339 2480
2110 3052
4171 1411
845 3609
1920 3118
4595 3749
460 2783
1685 55
71 1920
2812 1420
2737 4836
383 416
1876 346
1509 4867
4250 4368
2022 421
846 4012
3823 807
389 626
2953 2189
953 4176
179 1279
1969 21
1321 2661
3958 4638
1597 2927
1642 3210
1457 4916
3476 3294
620 2916
2235 1165
2427 1304
3376 4744
4881 2819
2023 3467
1960 2241
4900 1648
1988 2230
1840 2623
2529 1521
1131 2443
4122 2804
2112 1844
4641 1619
3561 1927
795 3823
456 3925
3087 3607
3563 1530
656 2369
374 1199
1037 2913
888 629
2371 1388
2864 3202
4102 3286
1837 4291
2333 1536
295 3324
4270 3277
852 3005
688 3681
4447 4168
2373 3326
4770 2542
4826 1874
1976 2090
2204 4562
463 3344
3292 1399
4199 4642
1425 4355
541 256
437 1395
2070 705
159 1352
2975 3418
179 3908
2573 3170
3600 1992
2828 1523
4925 778
3968 4466
4850 794
4376 1734
3882 3751
1481 2619
3620 244
3356 4424
1988 2598
1863 2509
1118 851
2879 1656
2299 4672
2683 336
2063 3651
208 841
3338 3444
159 2539
3484 1195
636 4289
217 4228
1322 483
2367 4127
1876 1823
927 285
3889 1580
1738 1486
3339 4136
3326 3987
3853 1958
445 582
4416 1400
568 3769
1343 1830
3853 3855
3885 3605
283 3191
3292 541
483 3592
4708 281
4159 1726
1780 1907
4903 230
2688 2281
2321 2966
4199 3845
2633 3931
4826 4628
2440 1681
490 1350
1848 4825
1691 500
1367 351
1481 4947
736 4294
636 2344
1343 20
1794 4470
220 3629
1194 1813
83 2199
2583 3813
1468 3317
2038 3240
118 510
4490 4445
3853 2900
1076 1569
1152 2351
636 4091
112 3343
4628 1846
1563 3926
1999 1542
554 3263
1730 2405
879 4414
4926 2652
1401 2523
2863 4468
4785 2838
3092 2209
3873 399
2974 3156
2256 2601
865 4699
2630 3976
3339 2100
2947 470
2386 4463
2023 2043
3673 3098
879 2319
1876 2877
2169 4720
1709 1075
1076 209
314 3427
2245 1605
4107 1662
4859 3154
2440 4458
4790 3396
340 2157
4368 1064
851 991
4020 977
3146 3905
953 3367
2804 4097
3703 1393
903 1506
3146 2558
4604 1306
2038 2866
1021 4507
3434 874
846 2065
4864 831
1133 1668
1514 3572
888 4020
2017 1471
3905 2337
2117 4804
80 241
1837 1655
1272 4518
4465 3295
1837 1547
3493 2897
1940 3257
3422 1097
8 2908
4808 2234
2265 4843
3143 1669
4664 2073
1184 2176
1728 2256
1725 3714
2794 270
1194 4886
2776 443
2737 816
2110 1028
1791 1719
1367 4370
2737 4599
106 1954
3610 3577
1513 3967
4535 4639
2725 2741
2023 4346
2232 1702
2640 4604
4937 2150
787 746
850 2723
2816 3676
4925 1297
1015 2195
2515 86
544 3443
3996 2778
1794 1081
2245 957
2371 3860
3808 3298
334 2559
3953 2680
2863 4677
4756 733
3146 3212
2510 1611
2970 1622
3393 3155
1934 1282
4375 738
910 3710
2943 2888
3718 4502
636 1876
4273 1099
2222 4380
742 3867
3953 1821
937 1366
2811 4846
4315 2357
1427 2518
2980 3730
2110 3669
3882 3704
4556 4856
279 2063
1754 2605
4242 1244
4286 3393
3327 435
533 4630
953 659
1757 3373
3669 282
1401 1131
3640 2298
4647 984
1881 880
1726 4251
2078 3536
160 137
1876 2384
2386 2734
3882 3230
1785 2658
1809 1526
4928 935
4813 833
4835 4258
4774 2755
1316 3349
3563 2980
2901 3953
1837 300
3765 3552
984 3757
1794 1691
1776 674
2811 4237
1390 1708
1528 1261
161 4072
2045 3648
1082 3650
251 1037
2184 687
6 3561
4808 1814
1781 4039
4127 1276
1481 2247
1775 2032
846 1683
205 1673
1578 3360
2412 356
1133 2039
3059 1140
4927 1112
3112 546
2815 1938
2605 3758
708 3206
2675 3739
2737 1094
4266 422
3784 1953
2386 3712
4277 4655
82 3126
4211 514
2708 3082
3268 1409
1133 2072
240 4139
3262 2289
3025 4352
4017 1321
2386 1137
4774 2776
2688 4549
25 257
2110 2634
2057 3995
2930 1423
2069 138
1481 4261
3563 329
2743 3720
4921 1641
4831 4515
3967 2886
879 2184
2412 4809
2915 3507
659 856
4615 4229
911 2746
1448 266
4766 151
3662 976
1785 1076
2384 4017
3964 1262
1903 2175
544 4869
71 597
3844 4946
2904 1513
71 3450
1498 829
4830 1739
1817 4900
964 4114
1873 4880
4581 96
2074 3827
1969 4203
4315 4932
2510 2263
179 1217
2714 3315
3339 800
3910 4478
3978 2735
1039 2190
4494 650
2022 4140
2123 1492
2955 3495
1968 2242
189 4457
4785 4814
2201 1168
3852 4181
3364 2806
208 1358
3613 2141
2022 376
541 4150
348 3328
2777 3417
2005 1766
3620 1439
515 3880
3403 2001
1103 4121
4199 990
1631 2590
2372 3766
4439 2986
3739 2992
3620 3959
2111 2875
2371 1460
2070 1763
3942 1263
2221 487
3620 1191
2245 1376
3292 594
2646 1210
3640 3479
71 2237
2651 4075
2550 2144
1560 2694
556 3313
1149 3673
1962 2162
2847 1187
846 518
1176 345
3563 3665
1222 3960
3585 26
2893 2286
3613 726
4523 2246
4291 2699
4244 2585
1076 4357
3146 3682
848 562
4455 450
2854 4300
3563 2975
2450 4652
2974 4590
2038 2507
1307 2911
1940 1077
2232 4403
4499 4923
2807 2397
3000 3253
2440 2389
4676 2191
4925 4045
1837 2805
241 4596
1394 3800
2718 3539
1505 2407
2632 340
422 2736
862 4415
1754 469
2829 109
2211 3506
186 3184
2725 2681
3336 1337
2371 382
3041 1022
3882 608
2974 220
988 4271
4533 924
1164 316
2665 1433
2672 2984
2544 1574
3301 3109
3153 3569
2408 4364
299 2892
3695 1034
953 2511
609 4406
3030 3801
400 350
255 3595
2974 2708
4273 1145
3272 1203
2915 2950
606 2953
948 3475
656 2624
2345 2753
3802 3033
1194 4104
169 1629
4872 3438
3096 3589
3853 1118
3392 2148
1536 1671
1833 2718
964 1693
544 2705
3640 1122
3882 666
1490 3643
815 702
3046 955
3756 2858
1367 4230
2440 2626
3620 512
3779 4049
3218 2727
3031 2361
4687 4911
1324 1186
4601 1242
3853 571
1401 973
708 1902
953 3849
104 3074
2725 1371
4826 1020
4025 4859
716 1085
3620 2999
541 3781
2736 393
3853 1473
576 1950
2145 1666
3146 1177
1913 1561
316 2487
2245 1329
4036 2253
1074 1387
684 4893
4369 3883
3893 2506
2915 1284
2110 4455
3517 1087
2713 4200
2733 3116
3862 3178
2309 1419
1256 4148
970 160
272 3063
4398 4095
159 2749
2526 1042
2096 2484
2929 1531
1804 3439
4887 2310
447 3994
3563 133
1481 843
1402 2947
2915 3716
2049 201
3346 184
3092 3035
2119 3578
3853 448
1414 1196
535 4758
366 3256
2241 236
2873 4857
137 1687
3823 1470
1419 2740
4402 453
1794 298
1481 517
4265 1699
4942 537
2708 1809
4465 937
2717 454
2712 32
4000 1495
2745 2993
38 4418
2821 207
655 3843
609 235
216 46
1408 1281
879 3094
2064 1961
636 14
2336 3750
2440 177
40 2061
4691 4845
3972 993
1785 3575
655 1550
15 3807
2933 3838
1792 4863
1820 4813
3853 1971
1832 43
4570 734
2725 3138
565 3875
4799 2121
4465 4459
2107 4706
3766 460
4848 3777
1852 1675
3203 1398
1968 4871
4901 3036
3882 4476
1690 3039
2926 4348
4598 4386
4221 1258
3770 384
684 3133
4223 3407
4460 2239
2615 2009
4622 4026
1961 1172
2651 1934
1133 684
2527 3591
4005 622
757 2269
3096 4670
953 3403
3268 349
4788 1326
2633 1606
544 636
4595 1005
400 903
1843 1116
4214 4010
2617 4440
846 2166
1876 294
3949 2413
1737 2353
175 2010
1833 4564
4552 1478
1490 3434
3488 1294
4595 4448
2836 3500
2070 1465
2708 2409
656 1903
2420 850
1400 2839
2023 652
524 3694
4351 1931
2725 237
687 1491
1052 1206
1367 3172
1091 472
775 2046
4615 3092
606 4580
2974 1033
3613 4746
551 3027
4925 3915
4603 2188
1925 2201
3810 2547
1343 579
636 438
892 2136
2070 3104
3586 1596
1091 268
2245 2864
403 4611
1889 47
1876 3806
2286 1305
2617 3412
1314 2524
2022 88
1988 495
937 4873
2113 1464
634 2483
4082 2429
4925 385
953 3272
3355 1385
3388 4242
3419 3872
3620 4081
1838 638
4543 3662
3197 1503
4436 654
1401 1353
1049 2260
1189 4492
431 4304
4045 1426
4774 4948
1194 4080
3355 2589
1559 3341
1720 986
3408 2722
159 332
1354 1136
2324 1835
3039 1647
846 309
1091 516
1691 1743
2157 4063
1091 1512
1754 4561
1593 555
2531 3489
2245 2477
3424 3061
2015 58
3327 4618
582 3919
950 4784
540 4949
2250 3455
2205 373
3167 3738
4808 1522
3374 581
4469 3166
4939 4496
4448 3789
4245 1697
2786 4306
658 828
851 1982
457 1379
4505 3252
1069 2390
2680 1270
3002 3461
1173 271
1132 1946
2568 3157
2371 4637
1673 455
1121 2646
1988 4143
4208 724
846 1371
2049 2341
3115 4144
1083 2988
2147 1019
1401 574
3581 1429
4332 4398
846 3719
71 409
76 4123
3683 3025
71 1645
159 951
2744 757
1490 1637
803 2738
3642 1166
879 1772
2462 4083
1940 2499
179 958
1983 3121
2245 4351
1624 4360
2302 4487
544 530
4933 3770
522 822
3047 3735
3432 3733
4666 3814
3061 2138
4025 2267
1091 2873
1780 1564
2905 3818
4465 2095
2915 1593
4465 1335
656 1205
1754 3241
27 4768
2483 4765
4881 4029
131 1627
2974 4427
674 640
1815 1448
1072 1209
4273 164
2708 3652
2617 139
179 2275
2617 1556
3378 105
159 1351
4566 2193
1558 330
2633 2843
609 1171
2632 493
425 1646
1343 1216
3632 2181
1837 3100
1988 4465
658 3930
2490 578
4773 2519
455 513
2563 1840
3574 2497
1418 296
1616 739
2416 2872
953 4489
4684 2607
2010 558
4443 1851
2245 93
879 884
3524 3414
4925 4803
412 3080
3119 1098
1532 4018
4273 3509
3005 146
3129 357
4138 714
1020 3970
4015 1672
1754 2355
2347 4938
2204 3557
2018 3785
4377 3747
2104 4752
953 2027
1785 3335
3345 2976
312 3007
3882 1597
2172 4794
4793 3192
3934 2458
3339 4449
3978 4710
1666 69
4387 3972
4375 3851
394 4509
4273 290
2378 2147
4048 3297
4943 4260
3197 251
159 1072
1728 2906
3405 2832
2651 3301
2712 4542
636 3153
4464 980
2440 2810
1001 3456
2425 3932
111 3852
349 1616
2117 4401
2070 3700
2345 1806
4199 1971
3084 507
1185 3001
1076 56
2295 2012
3905 1785
2662 4705
2152 2943
1581 2811
1876 511
609 1267
1401 854
3882 3810
4336 1533
71 1061
3833 3282
2782 4438
4878 3846
3744 400
2463 1528
4545 4209
812 4221
2533 4046
3435 4417
2102 2401
2915 4303
909 709
3853 3302
1594 4074
647 2270
656 1913
4397 2084
3852 2161
2439 3893
4808 2671
3585 2701
846 2638
2725 2920
4626 2706
2633 195
1785 3460
908 700
3780 1015
3853 2574
1754 1712
4808 2632
1465 3125
1133 1021
953 570
2997 1489
1343 1583
2633 2170
2077 3923
3189 1265
339 4218
3016 3547
797 3649
1794 3573
544 1484
2881 1039
3640 1260
3883 1360
2541 4281
1853 2683
935 2630
235 2874
684 1637
2760 4358
3722 4208
1255 3746
636 3989
1427 358
3300 2428
3563 4787
271 1594
4929 2186
2245 4577
4199 744
4420 4180
4420 1746
1640 971
2440 4280
3853 1731
110 2501
3652 231
651 1328
2651 4189
609 932
1916 3333
3563 1774
188 4546
4054 648
3146 2466
480 99
2289 1095
4025 3289
4358 4158
2339 4392
1785 1299
4595 396
2566 4671
2725 4612
4463 1056
1367 1292
699 4395
1794 755
416 426
3594 748
1839 1084
925 214
2379 528
1544 3093
3815 3802
4542 3978
563 1283
4616 944
3075 2860
4436 3451
497 3863
4615 68
4785 3325
636 1604
2609 3796
3563 3234
4542 1510
1460 2135
1865 3262
4498 274
3181 2066
656 4730
4023 366
4504 886
1076 1443
1817 2304
203 2469
634 4842
3876 1438
4465 1088
2651 187
3292 154
1046 2113
882 461
3131 988
3952 4866
159 3643
792 24
934 3321
1188 1539
3620 906
3649 2593
1817 4371
2572 318
1481 1966
937 2898
179 249
4117 62
2009 1609
4921 2587
692 3741
3440 1599
4428 2313
3783 4429
71 1926
2651 773
2708 213
3980 3054
1832 3722
2062 2774
3435 3228
2814 1456
4293 4051
4786 2394
4375 1986
71 3876
480 1374
609 2963
2798 4420
2797 91
1860 4640
2070 2056
2330 3534
656 4525
4707 4565
4683 1066
1278 720
1817 3436
405 4745
79 1125
490 882
1388 2064
1133 4126
3905 1436
1456 4535
1024 3227
1859 92
1343 3466
3814 1298
2170 2685
4403 4872
2780 4606
481 4037
4546 2786
2688 3533
684 4422
1300 2085
839 2665
4660 2905
937 363
2617 3672
2321 267
541 3055
2977 458
2683 3956
4582 440
4310 2660
1343 1153
4601 3127
1732 4099
1104 2444
1837 2455
1147 1135
3782 4557
3293 4644
4615 1397
3563 75
134 2333
379 1246
912 1601
2826 1942
544 314
4579 2224
2028 155
2499 1006
3939 4607
3905 3291
3313 2277
3063 1975
71 1890
480 3410
4227 1053
879 4874
4465 4179
1390 2773
634 4898
4808 4615
3114 85
3775 3389
3292 4497
170 1167
4025 29
426 4467
3905 3377
3699 4807
2117 563
3842 4493
2566 554
3339 2556
4123 3990
1865 3531
1842 3515
521 1301
752 3974
2701 1703
1136 1714
3905 414
2708 3369
480 78
3606 3963
2708 2485
4615 3264
4327 1250
3796 4187
3123 3402
2737 2363
3073 1598
3620 1057
2371 585
1749 1188
975 4855
3292 1071
3620 4003
4683 465
2880 191
4870 3045
4768 3181
4882 4138
1369 3548
3292 1164
125 4296
700 4504
2431 425
940 713
4615 2456
4348 975
1481 3805
4615 4742
2748 3962
4580 178
2110 4851
1758 2965
3595 1660
3240 206
3776 1730
2477 2881
2764 910
4494 3111
1263 3543
2627 1752
1290 3811
4936 2525
1892 2566
2688 3464
416 4891
1219 4763
3615 451
3860 3951
2774 4363
744 4060
796 2564
3782 2643
699 1918
2038 631
754 1571
1838 2620
1429 4043
541 3187
4131 1732
4122 2816
2617 2431
3412 3330
1919 4707
4692 1562
17 3429
329 3602
1052 4279
4867 3071
2830 4660
3884 2227
541 598
3905 509
1401 1566
105 2765
1401 928
3500 1955
1852 2703
2440 3351
3383 3364
1679 3183
3055 565
541 3431
4925 121
3193 3084
4272 3096
1685 4086
2725 4340
2117 542
4086 3069
939 60
4826 4780
409 4631
2915 2944
3923 4134
35 2968
1754 1978
1837 758
942 4125
3055 566
2117 2352
4756 1280
725 2803
2915 115
1722 3392
1244 378
147 3053
4351 2102
2219 367
3800 4908
2709 1853
4856 3342
1940 2437
1602 2410
1777 2087
4465 1709
544 4102
3741 1497
1934 4540
1223 3422
1502 878
4923 4568
4785 623
3361 4668
1511 3644
1698 2666
2714 4749
1194 4246
180 3865
1943 3011
1794 2618
2651 204
4786 3611
2194 791
4349 1993
2446 1467
4397 4201
1133 265
3882 4552
3343 4930
2770 3040
1133 4399
3620 2079
71 403
4673 1231
3406 1850
1183 736
231 2955
4325 243
853 1110
1866 428
733 4344
3953 4616
3746 334
285 3502
1575 2640
3456 2696
541 3021
3292 4832
645 4320
1794 3420
2617 1960
695 741
3882 4788
3009 3645
4562 3532
2617 2863
220 1476
1785 4583
3160 801
4826 4551
2386 3858
3882 1073
1876 3861
4465 2460
580 1579
1321 819
1490 740
4199 630
1418 3637
2092 4165
3537 1815
4115 1442
342 1534
3653 4062
4774 2919
4481 967
1584 1159
2501 2054
4152 1069
4199 1778
4788 4550
1817 2129
665 4044
4365 3209
3545 4211
1278 4650
634 1158
1647 1418
2942 699
4386 1715
520 4409
2511 1248
2440 2030
2560 4505
3339 1300
4025 693
684 646
4273 809
4894 1311
4562 9
2386 4548
2013 1055
2038 3617
4091 2824
2090 3224
1817 3680
3061 1873
1968 343
1137 365
3726 3946
4098 3442
235 2710
388 4382
4273 3250
419 1425
4246 83
44 4666
4394 1775
1076 1694
2318 3684
1663 3413
1790 1969
2117 3059
1988 2223
2443 2859
3110 2028
4199 3957
656 3999
3214 324
2171 1626
694 240
4273 2921
649 1035
679 1670
1761 682
3577 369
3475 1720
3234 94
2811 2108
2440 327
3306 4902
3438 783
2244 4268
2023 1102
4639 4284
2787 936
362 2882
4826 868
2263 4073
4149 2159
656 4876
3638 836
1367 2490
1274 4388
1671 52
2117 4214
4162 4333
3883 3008
2397 1253
1577 362
983 900
3360 4793
1278 3378
3875 3887
4595 4006
1194 2697
2245 3587
1525 1956
3853 2450
2776 4566
3478 1128
3452 3912
4384 120
634 1445
2980 3066
3997 238
4503 2403
963 1665
1837 272
2836 1654
3640 4514
2571 1972
3167 2757
1794 552
3268 398
612 2222
1076 1441
1363 2308
840 2595
2651 704
3339 3129
4352 3527
3984 475
1401 4374
365 722
175 1296
1526 3724
3639 3000
634 3198
3307 3996
3680 2849
4788 4847
937 2057
1864 221
2038 662
3175 3445
405 3784
1461 3193
3813 119
388 4572
4272 3889
2799 3472
3920 3002
1940 1865
35 1841
2075 1735
251 4920
52 2173
1343 4545
1237 763
4495 2663
4873 1146
2971 2827
541 1900
2067 3300
2450 1259
3028 2964
1091 1855
2737 4835
4865 2120
832 806
129 1312
2617 1548
544 1518
1196 3890
2803 3103
879 3892
164 4601
2640 2264
609 2915
564 4662
1754 556
4325 3437
218 4014
609 3204
2612 2496
893 4367
1639 3236
971 926
4053 787
2887 1324
2651 3323
1194 2082
1117 1797
1718 4426
4681 1674
3994 4338
544 2392
3136 4484
4376 4656
592 3627
2688 1613
4326 2207
2406 2364
3858 4926
4504 167
4489 2099
4774 1788
2633 1417
4576 4236
4907 4019
1726 2679
4724 1800
1709 4400
2695 3774
1495 3955
2389 11
293 4798
4411 333
634 3881
3905 1833
634 218
2022 2724
2725 1871
2565 703
1 4501
2698 535
4726 875
2915 161
4870 3117
636 3354
4853 3372
2371 545
1481 3251
1625 1002
122 4084
705 2935
1481 123
2807 4262
2023 3864
2722 2448
2617 3
1895 3197
4808 1575
2633 4506
4607 839
1234 1849
3086 3820
1827 3832
541 4116
1809 386
3168 1608
4774 2378
2667 1359
2078 4735
1960 2698
1018 4913
4597 3350
2023 2554
3268 4679
556 3691
46 1336
2759 4112
3095 3480
405 3966
846 1413
2371 3470
3595 2268
3353 3185
4788 3448
1440 647
4595 4292
4430 1266
1966 1529
2552 4698
3905 3376
1837 3399
4776 3934
4761 2889
2712 3225
4363 4578
57 560
2633 2169
4483 1032
265 2802
1132 2762
544 4387
2630 499
656 4328
2454 3697
