100 20 99
1 2 815
2 3 46
3 4 448
4 5 196
5 6 394
6 7 572
7 8 217
8 9 446
9 10 763
10 11 999
11 12 380
12 13 660
13 14 490
14 15 409
15 16 222
16 17 306
17 18 502
18 19 654
19 20 793
20 21 172
21 22 935
22 23 60
23 24 508
24 25 799
25 26 744
26 27 638
27 28 2
28 29 903
29 30 420
30 31 409
31 32 251
32 33 235
33 34 807
34 35 700
35 36 783
36 37 202
37 38 624
38 39 352
39 40 0
40 41 739
41 42 351
42 43 380
43 44 399
44 45 193
45 46 141
46 47 621
47 48 499
48 49 644
49 50 627
50 51 645
51 52 816
52 53 562
53 54 705
54 55 676
55 56 361
56 57 801
57 58 315
58 59 363
59 60 704
60 61 87
61 62 125
62 63 956
63 64 674
64 65 284
65 66 8
66 67 457
67 68 486
68 69 984
69 70 161
70 71 487
71 72 723
72 73 513
73 74 219
74 75 474
75 76 706
76 77 361
77 78 95
78 79 558
79 80 357
80 81 74
81 82 203
82 83 173
83 84 637
84 85 260
85 86 201
86 87 350
87 88 61
88 89 868
89 90 66
90 91 118
91 92 955
92 93 543
93 94 426
94 95 629
95 96 827
96 97 786
97 98 438
98 99 666
99 100 770
