39 20 741
1 2 -384
1 3 100
1 4 -887
1 5 100
1 6 -778
1 7 100
1 8 -916
1 9 100
1 10 -794
1 11 100
1 12 -336
1 13 100
1 14 -387
1 15 100
1 16 -493
1 17 100
1 18 -650
1 19 100
1 20 -422
1 21 100
1 22 -363
1 23 100
1 24 -28
1 25 100
1 26 -691
1 27 100
1 28 -60
1 29 100
1 30 -764
1 31 100
1 32 -927
1 33 100
1 34 -541
1 35 100
1 36 -427
1 37 100
1 38 -173
1 39 100
2 3 -737
2 4 100
2 5 -212
2 6 100
2 7 -369
2 8 100
2 9 -568
2 10 100
2 11 -430
2 12 100
2 13 -783
2 14 100
2 15 -531
2 16 100
2 17 -863
2 18 100
2 19 -124
2 20 100
2 21 -68
2 22 100
2 23 -136
2 24 100
2 25 -930
2 26 100
2 27 -803
2 28 100
2 29 -23
2 30 100
2 31 -59
2 32 100
2 33 -70
2 34 100
2 35 -168
2 36 100
2 37 -394
2 38 100
2 39 -457
3 4 -12
3 5 100
3 6 -43
3 7 100
3 8 -230
3 9 100
3 10 -374
3 11 100
3 12 -422
3 13 100
3 14 -920
3 15 100
3 16 -785
3 17 100
3 18 -538
3 19 100
3 20 -199
3 21 100
3 22 -325
3 23 100
3 24 -316
3 25 100
3 26 -371
3 27 100
3 28 -414
3 29 100
3 30 -527
3 31 100
3 32 -92
3 33 100
3 34 -981
3 35 100
3 36 -957
3 37 100
3 38 -874
3 39 100
4 5 -863
4 6 100
4 7 -171
4 8 100
4 9 -997
4 10 100
4 11 -282
4 12 100
4 13 -306
4 14 100
4 15 -926
4 16 100
4 17 -85
4 18 100
4 19 -328
4 20 100
4 21 -337
4 22 100
4 23 -506
4 24 100
4 25 -847
4 26 100
4 27 -730
4 28 100
4 29 -314
4 30 100
4 31 -858
4 32 100
4 33 -125
4 34 100
4 35 -896
4 36 100
4 37 -583
4 38 100
4 39 -546
5 6 -815
5 7 100
5 8 -368
5 9 100
5 10 -435
5 11 100
5 12 -365
5 13 100
5 14 -44
5 15 100
5 16 -751
5 17 100
5 18 -88
5 19 100
5 20 -809
5 21 100
5 22 -277
5 23 100
5 24 -179
5 25 100
5 26 -789
5 27 100
5 28 -585
5 29 100
5 30 -404
5 31 100
5 32 -652
5 33 100
5 34 -755
5 35 100
5 36 -400
5 37 100
5 38 -933
5 39 100
6 7 -61
6 8 100
6 9 -677
6 10 100
6 11 -369
6 12 100
6 13 -740
6 14 100
6 15 -13
6 16 100
6 17 -227
6 18 100
6 19 -587
6 20 100
6 21 -95
6 22 100
6 23 -540
6 24 100
6 25 -796
6 26 100
6 27 -571
6 28 100
6 29 -435
6 30 100
6 31 -379
6 32 100
6 33 -468
6 34 100
6 35 -602
6 36 100
6 37 -98
6 38 100
6 39 -903
7 8 -318
7 9 100
7 10 -493
7 11 100
7 12 -653
7 13 100
7 14 -757
7 15 100
7 16 -302
7 17 100
7 18 -281
7 19 100
7 20 -287
7 21 100
7 22 -442
7 23 100
7 24 -866
7 25 100
7 26 -690
7 27 100
7 28 -445
7 29 100
7 30 -620
7 31 100
7 32 -441
7 33 100
7 34 -730
7 35 100
7 36 -32
7 37 100
7 38 -118
7 39 100
8 9 -98
8 10 100
8 11 -772
8 12 100
8 13 -482
8 14 100
8 15 -676
8 16 100
8 17 -710
8 18 100
8 19 -928
8 20 100
8 21 -568
8 22 100
8 23 -857
8 24 100
8 25 -498
8 26 100
8 27 -354
8 28 100
8 29 -587
8 30 100
8 31 -966
8 32 100
8 33 -307
8 34 100
8 35 -684
8 36 100
8 37 -220
8 38 100
8 39 -625
9 10 -529
9 11 100
9 12 -872
9 13 100
9 14 -733
9 15 100
9 16 -830
9 17 100
9 18 -504
9 19 100
9 20 -20
9 21 100
9 22 -271
9 23 100
9 24 -369
9 25 100
9 26 -709
9 27 100
9 28 -716
9 29 100
9 30 -341
9 31 100
9 32 -150
9 33 100
9 34 -797
9 35 100
9 36 -724
9 37 100
9 38 -619
9 39 100
10 11 -246
10 12 100
10 13 -847
10 14 100
10 15 -452
10 16 100
10 17 -922
10 18 100
10 19 -556
10 20 100
10 21 -380
10 22 100
10 23 -489
10 24 100
10 25 -765
10 26 100
10 27 -229
10 28 100
10 29 -842
10 30 100
10 31 -351
10 32 100
10 33 -194
10 34 100
10 35 -501
10 36 100
10 37 -35
10 38 100
10 39 -765
11 12 -125
11 13 100
11 14 -915
11 15 100
11 16 -988
11 17 100
11 18 -857
11 19 100
11 20 -744
11 21 100
11 22 -492
11 23 100
11 24 -228
11 25 100
11 26 -366
11 27 100
11 28 -860
11 29 100
11 30 -937
11 31 100
11 32 -433
11 33 100
11 34 -552
11 35 100
11 36 -438
11 37 100
11 38 -229
11 39 100
12 13 -276
12 14 100
12 15 -408
12 16 100
12 17 -475
12 18 100
12 19 -122
12 20 100
12 21 -859
12 22 100
12 23 -396
12 24 100
12 25 -30
12 26 100
12 27 -238
12 28 100
12 29 -236
12 30 100
12 31 -794
12 32 100
12 33 -819
12 34 100
12 35 -429
12 36 100
12 37 -144
12 38 100
12 39 -12
13 14 -929
13 15 100
13 16 -530
13 17 100
13 18 -777
13 19 100
13 20 -405
13 21 100
13 22 -444
13 23 100
13 24 -764
13 25 100
13 26 -614
13 27 100
13 28 -539
13 29 100
13 30 -607
13 31 100
13 32 -841
13 33 100
13 34 -905
13 35 100
13 36 -819
13 37 100
13 38 -129
13 39 100
14 15 -689
14 16 100
14 17 -370
14 18 100
14 19 -918
14 20 100
14 21 -918
14 22 100
14 23 -997
14 24 100
14 25 -325
14 26 100
14 27 -744
14 28 100
14 29 -471
14 30 100
14 31 -184
14 32 100
14 33 -491
14 34 100
14 35 -500
14 36 100
14 37 -773
14 38 100
14 39 -726
15 16 -645
15 17 100
15 18 -591
15 19 100
15 20 -506
15 21 100
15 22 -140
15 23 100
15 24 -955
15 25 100
15 26 -787
15 27 100
15 28 -670
15 29 100
15 30 -83
15 31 100
15 32 -543
15 33 100
15 34 -465
15 35 100
15 36 -198
15 37 100
15 38 -508
15 39 100
16 17 -356
16 18 100
16 19 -805
16 20 100
16 21 -349
16 22 100
16 23 -612
16 24 100
16 25 -623
16 26 100
16 27 -829
16 28 100
16 29 -300
16 30 100
16 31 -344
16 32 100
16 33 -747
16 34 100
16 35 -569
16 36 100
16 37 -341
16 38 100
16 39 -423
17 18 -312
17 19 100
17 20 -811
17 21 100
17 22 -606
17 23 100
17 24 -802
17 25 100
17 26 -662
17 27 100
17 28 -731
17 29 100
17 30 -879
17 31 100
17 32 -306
17 33 100
17 34 -321
17 35 100
17 36 -737
17 37 100
17 38 -445
17 39 100
18 19 -627
18 20 100
18 21 -523
18 22 100
18 23 -466
18 24 100
18 25 -709
18 26 100
18 27 -417
18 28 100
18 29 -283
18 30 100
18 31 -259
18 32 100
18 33 -925
18 34 100
18 35 -638
18 36 100
18 37 -63
18 38 100
18 39 -625
19 20 -601
19 21 100
19 22 -37
19 23 100
19 24 -453
19 25 100
19 26 -900
19 27 100
19 28 -380
19 29 100
19 30 -551
19 31 100
19 32 -469
19 33 100
19 34 -72
19 35 100
19 36 -974
19 37 100
19 38 -132
19 39 100
20 21 -882
20 22 100
20 23 -931
20 24 100
20 25 -934
20 26 100
20 27 -895
20 28 100
20 29 -661
20 30 100
20 31 -164
20 32 100
20 33 -200
20 34 100
20 35 -982
20 36 100
20 37 -900
20 38 100
20 39 -997
21 22 -960
21 23 100
21 24 -774
21 25 100
21 26 -814
21 27 100
21 28 -669
21 29 100
21 30 -191
21 31 100
21 32 -96
21 33 100
21 34 -927
21 35 100
21 36 -467
21 37 100
21 38 -85
21 39 100
22 23 -341
22 24 100
22 25 -91
22 26 100
22 27 -685
22 28 100
22 29 -377
22 30 100
22 31 -543
22 32 100
22 33 -937
22 34 100
22 35 -108
22 36 100
22 37 -446
22 38 100
22 39 -757
23 24 -180
23 25 100
23 26 -419
23 27 100
23 28 -888
23 29 100
23 30 -413
23 31 100
23 32 -349
23 33 100
23 34 -173
23 35 100
23 36 -660
23 37 100
23 38 -10
23 39 100
24 25 -337
24 26 100
24 27 -211
24 28 100
24 29 -343
24 30 100
24 31 -588
24 32 100
24 33 -207
24 34 100
24 35 -302
24 36 100
24 37 -714
24 38 100
24 39 -373
25 26 -322
25 27 100
25 28 -256
25 29 100
25 30 -820
25 31 100
25 32 -600
25 33 100
25 34 -722
25 35 100
25 36 -905
25 37 100
25 38 -940
25 39 100
26 27 -812
26 28 100
26 29 -941
26 30 100
26 31 -668
26 32 100
26 33 -706
26 34 100
26 35 -229
26 36 100
26 37 -128
26 38 100
26 39 -151
27 28 -985
27 29 100
27 30 -659
27 31 100
27 32 -921
27 33 100
27 34 -225
27 35 100
27 36 -423
27 37 100
27 38 -270
27 39 100
28 29 -397
28 30 100
28 31 -82
28 32 100
28 33 -631
28 34 100
28 35 -85
28 36 100
28 37 -293
28 38 100
28 39 -973
29 30 -673
29 31 100
29 32 -851
29 33 100
29 34 -626
29 35 100
29 36 -386
29 37 100
29 38 -223
29 39 100
30 31 -300
30 32 100
30 33 -641
30 34 100
30 35 -43
30 36 100
30 37 -899
30 38 100
30 39 -714
31 32 -299
31 33 100
31 34 -191
31 35 100
31 36 -525
31 37 100
31 38 -591
31 39 100
32 33 -210
32 34 100
32 35 -582
32 36 100
32 37 -820
32 38 100
32 39 -337
33 34 -733
33 35 100
33 36 -156
33 37 100
33 38 -995
33 39 100
34 35 -5
34 36 100
34 37 -380
34 38 100
34 39 -770
35 36 -274
35 37 100
35 38 -777
35 39 100
36 37 -851
36 38 100
36 39 -256
37 38 -861
37 39 100
38 39 -143
