200 20 199
2 1 384
3 2 887
4 2 778
5 3 916
6 3 794
7 4 336
8 4 387
9 5 493
10 5 650
11 6 422
12 6 363
13 7 28
14 7 691
15 8 60
16 8 764
17 9 927
18 9 541
19 10 427
20 10 173
21 11 737
22 11 212
23 12 369
24 12 568
25 13 430
26 13 783
27 14 531
28 14 863
29 15 124
30 15 68
31 16 136
32 16 930
33 17 803
34 17 23
35 18 59
36 18 70
37 19 168
38 19 394
39 20 457
40 20 12
41 21 43
42 21 230
43 22 374
44 22 422
45 23 920
46 23 785
47 24 538
48 24 199
49 25 325
50 25 316
51 26 371
52 26 414
53 27 527
54 27 92
55 28 981
56 28 957
57 29 874
58 29 863
59 30 171
60 30 997
61 31 282
62 31 306
63 32 926
64 32 85
65 33 328
66 33 337
67 34 506
68 34 847
69 35 730
70 35 314
71 36 858
72 36 125
73 37 896
74 37 583
75 38 546
76 38 815
77 39 368
78 39 435
79 40 365
80 40 44
81 41 751
82 41 88
83 42 809
84 42 277
85 43 179
86 43 789
87 44 585
88 44 404
89 45 652
90 45 755
91 46 400
92 46 933
93 47 61
94 47 677
95 48 369
96 48 740
97 49 13
98 49 227
99 50 587
100 50 95
101 51 540
102 51 796
103 52 571
104 52 435
105 53 379
106 53 468
107 54 602
108 54 98
109 55 903
110 55 318
111 56 493
112 56 653
113 57 757
114 57 302
115 58 281
116 58 287
117 59 442
118 59 866
119 60 690
120 60 445
121 61 620
122 61 441
123 62 730
124 62 32
125 63 118
126 63 98
127 64 772
128 64 482
129 65 676
130 65 710
131 66 928
132 66 568
133 67 857
134 67 498
135 68 354
136 68 587
137 69 966
138 69 307
139 70 684
140 70 220
141 71 625
142 71 529
143 72 872
144 72 733
145 73 830
146 73 504
147 74 20
148 74 271
149 75 369
150 75 709
151 76 716
152 76 341
153 77 150
154 77 797
155 78 724
156 78 619
157 79 246
158 79 847
159 80 452
160 80 922
161 81 556
162 81 380
163 82 489
164 82 765
165 83 229
166 83 842
167 84 351
168 84 194
169 85 501
170 85 35
171 86 765
172 86 125
173 87 915
174 87 988
175 88 857
176 88 744
177 89 492
178 89 228
179 90 366
180 90 860
181 91 937
182 91 433
183 92 552
184 92 438
185 93 229
186 93 276
187 94 408
188 94 475
189 95 122
190 95 859
191 96 396
192 96 30
193 97 238
194 97 236
195 98 794
196 98 819
197 99 429
198 99 144
199 100 12
200 100 929
