1000 20 999
1 2 815
2 3 46
3 4 -552
4 5 196
5 6 -606
6 7 -428
7 8 217
8 9 446
9 10 -237
10 11 999
11 12 380
12 13 660
13 14 -510
14 15 409
15 16 222
16 17 -694
17 18 502
18 19 654
19 20 -207
20 21 172
21 22 -65
22 23 60
23 24 508
24 25 -201
25 26 -256
26 27 638
27 28 2
28 29 -97
29 30 420
30 31 409
31 32 -749
32 33 235
33 34 -193
34 35 -300
35 36 -217
36 37 202
37 38 624
38 39 -648
39 40 0
40 41 -261
41 42 -649
42 43 -620
43 44 -601
44 45 193
45 46 -859
46 47 621
47 48 499
48 49 644
49 50 627
50 51 -355
51 52 -184
52 53 -438
53 54 705
54 55 -324
55 56 361
56 57 -199
57 58 -685
58 59 -637
59 60 704
60 61 -913
61 62 -875
62 63 956
63 64 674
64 65 284
65 66 8
66 67 -543
67 68 -514
68 69 -16
69 70 161
70 71 487
71 72 723
72 73 513
73 74 -781
74 75 -526
75 76 -294
76 77 -639
77 78 -905
78 79 -442
79 80 -643
80 81 -926
81 82 203
82 83 173
83 84 -363
84 85 260
85 86 -799
86 87 -650
87 88 -939
88 89 -132
89 90 66
90 91 -882
91 92 -45
92 93 543
93 94 -574
94 95 -371
95 96 -173
96 97 786
97 98 438
98 99 666
99 100 -230
100 101 -400
101 102 153
102 103 -155
103 104 -535
104 105 724
105 106 319
106 107 171
107 108 -563
108 109 766
109 110 729
110 111 -206
111 112 840
112 113 284
113 114 -681
114 115 -171
115 116 -456
116 117 -479
117 118 532
118 119 -42
119 120 741
120 121 -402
121 122 76
122 123 -303
123 124 -507
124 125 854
125 126 678
126 127 320
127 128 640
128 129 469
129 130 338
130 131 -590
131 132 -931
132 133 -509
133 134 607
134 135 -466
135 136 -432
136 137 278
137 138 -943
138 139 5
139 140 44
140 141 787
141 142 800
142 143 236
143 144 71
144 145 -529
145 146 -582
146 147 968
147 148 344
148 149 950
149 150 -74
150 151 86
151 152 -100
152 153 -646
153 154 -865
154 155 393
155 156 -792
156 157 813
157 158 65
158 159 848
159 160 282
160 161 -596
161 162 -390
162 163 703
163 164 247
164 165 -783
165 166 -411
166 167 815
167 168 495
168 169 -353
169 170 173
170 171 -109
171 172 -214
172 173 325
173 174 -521
174 175 -791
175 176 796
176 177 249
177 178 -823
178 179 141
179 180 199
180 181 103
181 182 -773
182 183 -549
183 184 457
184 185 -638
185 186 -804
186 187 -983
187 188 -473
188 189 262
189 190 865
190 191 810
191 192 -982
192 193 -525
193 194 865
194 195 265
195 196 44
196 197 -545
197 198 433
198 199 -109
199 200 102
200 201 -394
201 202 782
202 203 888
203 204 931
204 205 -386
205 206 -551
206 207 -921
207 208 863
208 209 -373
209 210 220
210 211 415
211 212 -918
212 213 799
213 214 -782
214 215 892
215 216 -487
216 217 -585
217 218 909
218 219 393
219 220 677
220 221 -873
221 222 203
222 223 695
223 224 -398
224 225 420
225 226 312
226 227 999
227 228 875
228 229 -255
229 230 -110
230 231 329
231 232 351
232 233 25
233 234 569
234 235 634
235 236 639
236 237 -981
237 238 714
238 239 854
239 240 -354
240 241 286
241 242 269
242 243 80
243 244 438
244 245 488
245 246 -28
246 247 951
247 248 -745
248 249 234
249 250 344
250 251 932
251 252 361
252 253 -101
253 254 979
254 255 963
255 256 -328
256 257 291
257 258 962
258 259 -453
259 260 -611
260 261 205
261 262 877
262 263 -908
263 264 -770
264 265 798
265 266 -921
266 267 869
267 268 817
268 269 793
269 270 -925
270 271 -185
271 272 431
272 273 697
273 274 896
274 275 -131
275 276 185
276 277 -132
277 278 173
278 279 440
279 280 -898
280 281 -131
281 282 724
282 283 463
283 284 -879
284 285 -945
285 286 779
286 287 -207
287 288 698
288 289 -907
289 290 692
290 291 -561
291 292 298
292 293 569
293 294 -468
294 295 880
295 296 368
296 297 -389
297 298 -899
298 299 537
299 300 -244
300 301 -823
301 302 -647
302 303 -813
303 304 874
304 305 -751
305 306 409
306 307 411
307 308 469
308 309 -418
309 310 203
310 311 924
311 312 451
312 313 279
313 314 739
314 315 924
315 316 334
316 317 518
317 318 -283
318 319 384
319 320 964
320 321 -590
321 322 824
322 323 614
323 324 -669
324 325 -644
325 326 847
326 327 -949
327 328 319
328 329 948
329 330 589
330 331 -925
331 332 -523
332 333 942
333 334 -386
334 335 -649
335 336 -457
336 337 -977
337 338 -886
338 339 -988
339 340 -43
340 341 317
341 342 936
342 343 -239
343 344 -404
344 345 676
345 346 -315
346 347 -718
347 348 546
348 349 403
349 350 -981
350 351 862
351 352 -835
352 353 843
353 354 829
354 355 -504
355 356 -449
356 357 676
357 358 -100
358 359 -778
359 360 624
360 361 -511
361 362 -351
362 363 -898
363 364 -217
364 365 263
365 366 -195
366 367 678
367 368 639
368 369 -80
369 370 690
370 371 -404
371 372 -411
372 373 979
373 374 709
374 375 538
375 376 -993
376 377 -605
377 378 820
378 379 905
379 380 -850
380 381 -809
381 382 -880
382 383 -685
383 384 -614
384 385 949
385 386 163
386 387 289
387 388 625
388 389 -937
389 390 511
390 391 601
391 392 -96
392 393 -840
393 394 -945
394 395 -961
395 396 776
396 397 -139
397 398 717
398 399 767
399 400 -867
400 401 408
401 402 -285
402 403 -278
403 404 739
404 405 -575
405 406 -740
406 407 -902
407 408 -180
408 409 -567
409 410 -997
410 411 -30
411 412 -376
412 413 -877
413 414 637
414 415 11
415 416 -576
416 417 -200
417 418 -700
418 419 -951
419 420 -136
420 421 -836
421 422 -997
422 423 -880
423 424 -676
424 425 -942
425 426 -840
426 427 -548
427 428 271
428 429 877
429 430 -781
430 431 404
431 432 637
432 433 287
433 434 -873
434 435 376
435 436 712
436 437 -613
437 438 826
438 439 -116
439 440 -180
440 441 830
441 442 -794
442 443 797
443 444 -695
444 445 843
445 446 -192
446 447 -270
447 448 -5
448 449 460
449 450 131
450 451 859
451 452 624
452 453 134
453 454 -668
454 455 -699
455 456 545
456 457 -508
457 458 -247
458 459 -184
459 460 -631
460 461 325
461 462 -427
462 463 -993
463 464 -36
464 465 -300
465 466 735
466 467 28
467 468 439
468 469 562
469 470 912
470 471 -740
471 472 744
472 473 -530
473 474 -591
474 475 -951
475 476 -335
476 477 217
477 478 131
478 479 660
479 480 29
480 481 -737
481 482 872
482 483 -346
483 484 749
484 485 -796
485 486 307
486 487 646
487 488 -304
488 489 -588
489 490 -185
490 491 65
491 492 737
492 493 388
493 494 424
494 495 53
495 496 -912
496 497 160
497 498 -919
498 499 879
499 500 -278
500 501 -655
501 502 -509
502 503 -534
503 504 -185
504 505 -100
505 506 -133
506 507 480
507 508 -531
508 509 999
509 510 493
510 511 499
511 512 -386
512 513 365
513 514 -847
514 515 -285
515 516 569
516 517 460
517 518 -638
518 519 -383
519 520 -776
520 521 177
521 522 682
522 523 -686
523 524 -435
524 525 107
525 526 367
526 527 5
527 528 -381
528 529 449
529 530 -116
530 531 341
531 532 794
532 533 376
533 534 -841
534 535 -38
535 536 -372
536 537 26
537 538 -206
538 539 98
539 540 25
540 541 -713
541 542 -403
542 543 639
543 544 652
544 545 102
545 546 -645
546 547 573
547 548 -86
548 549 69
549 550 -810
550 551 138
551 552 -754
552 553 -775
553 554 452
554 555 163
555 556 684
556 557 -180
557 558 -480
558 559 -697
559 560 -379
560 561 756
561 562 996
562 563 -233
563 564 132
564 565 -845
565 566 729
566 567 -887
567 568 181
568 569 -124
569 570 211
570 571 -793
571 572 163
572 573 808
573 574 -802
574 575 168
575 576 262
576 577 -95
577 578 93
578 579 -824
579 580 974
580 581 284
581 582 314
582 583 -428
583 584 861
584 585 119
585 586 735
586 587 545
587 588 -709
588 589 -745
589 590 -800
590 591 -88
591 592 -636
592 593 -804
593 594 679
594 595 496
595 596 -649
596 597 761
597 598 961
598 599 532
599 600 -11
600 601 172
601 602 -909
602 603 -848
603 604 332
604 605 -358
605 606 672
606 607 -406
607 608 547
608 609 -234
609 610 -230
610 611 874
611 612 -598
612 613 -563
613 614 -554
614 615 -737
615 616 908
616 617 -466
617 618 -840
618 619 -801
619 620 141
620 621 -640
621 622 111
622 623 505
623 624 -444
624 625 142
625 626 354
626 627 259
627 628 255
628 629 315
629 630 -209
630 631 -756
631 632 -512
632 633 235
633 634 -251
634 635 820
635 636 -771
636 637 -227
637 638 -233
638 639 776
639 640 539
640 641 537
641 642 650
642 643 941
643 644 -674
644 645 -551
645 646 -444
646 647 -766
647 648 -17
648 649 -284
649 650 -567
650 651 -876
651 652 428
652 653 896
653 654 982
654 655 984
655 656 391
656 657 336
657 658 243
658 659 -2
659 660 -349
660 661 -613
661 662 595
662 663 491
663 664 974
664 665 -304
665 666 312
666 667 -797
667 668 469
668 669 -921
669 670 -669
670 671 361
671 672 968
672 673 -666
673 674 654
674 675 -353
675 676 -217
676 677 -789
677 678 233
678 679 -882
679 680 279
680 681 667
681 682 -406
682 683 -292
683 684 915
684 685 -424
685 686 -308
686 687 658
687 688 912
688 689 -712
689 690 -343
690 691 -84
691 692 27
692 693 -748
693 694 -593
694 695 353
695 696 -52
696 697 -929
697 698 908
698 699 -583
699 700 -498
700 701 -761
701 702 778
702 703 -529
703 704 -427
704 705 433
705 706 470
706 707 708
707 708 996
708 709 -297
709 710 826
710 711 275
711 712 -278
712 713 -227
713 714 983
714 715 -362
715 716 349
716 717 28
717 718 -704
718 719 262
719 720 668
720 721 305
721 722 -822
722 723 47
723 724 557
724 725 -63
725 726 -600
726 727 -495
727 728 9
728 729 -692
729 730 275
730 731 511
731 732 -101
732 733 405
733 734 -666
734 735 473
735 736 -162
736 737 804
737 738 533
738 739 186
739 740 -140
740 741 712
741 742 -538
742 743 582
743 744 -515
744 745 -555
745 746 -428
746 747 834
747 748 825
748 749 221
749 750 448
750 751 493
751 752 -474
752 753 978
753 754 -460
754 755 -916
755 756 -84
756 757 292
757 758 -411
758 759 925
759 760 952
760 761 -784
761 762 788
762 763 -148
763 764 622
764 765 -877
765 766 -323
766 767 -188
767 768 -721
768 769 -790
769 770 999
770 771 139
771 772 -726
772 773 -539
773 774 74
774 775 -241
775 776 258
776 777 646
777 778 -406
778 779 84
779 780 -133
780 781 -606
781 782 -71
782 783 394
783 784 -627
784 785 470
785 786 478
786 787 641
787 788 114
788 789 -581
789 790 566
790 791 67
791 792 -364
792 793 706
793 794 919
794 795 -390
795 796 -819
796 797 -404
797 798 422
798 799 -187
799 800 158
800 801 421
801 802 952
802 803 433
803 804 -766
804 805 26
805 806 -456
806 807 493
807 808 25
808 809 490
809 810 -71
810 811 892
811 812 885
812 813 858
813 814 286
814 815 -742
815 816 680
816 817 116
817 818 -749
818 819 -205
819 820 888
820 821 -831
821 822 -786
822 823 -124
823 824 875
824 825 -867
825 826 486
826 827 -943
827 828 81
828 829 -92
829 830 -130
830 831 -409
831 832 -318
832 833 174
833 834 -976
834 835 268
835 836 -447
836 837 -79
837 838 113
838 839 578
839 840 -589
840 841 -958
841 842 822
842 843 -704
843 844 -747
844 845 461
845 846 -94
846 847 -715
847 848 -423
848 849 157
849 850 80
850 851 -183
851 852 326
852 853 646
853 854 693
854 855 554
855 856 779
856 857 179
857 858 963
858 859 212
859 860 -560
860 861 185
861 862 804
862 863 474
863 864 -641
864 865 -820
865 866 -258
866 867 264
867 868 101
868 869 856
869 870 194
870 871 513
871 872 -750
872 873 369
873 874 -839
874 875 -497
875 876 -170
876 877 68
877 878 141
878 879 759
879 880 -423
880 881 -427
881 882 -423
882 883 -744
883 884 -780
884 885 -730
885 886 810
886 887 999
887 888 802
888 889 773
889 890 212
890 891 -406
891 892 -42
892 893 368
893 894 -580
894 895 669
895 896 548
896 897 162
897 898 -66
898 899 2
899 900 370
900 901 -520
901 902 -133
902 903 973
903 904 849
904 905 28
905 906 -524
906 907 -321
907 908 -552
908 909 969
909 910 -209
910 911 26
911 912 -457
912 913 368
913 914 282
914 915 -237
915 916 990
916 917 444
917 918 -238
918 919 -856
919 920 217
920 921 -674
921 922 90
922 923 -473
923 924 -954
924 925 510
925 926 -804
926 927 947
927 928 25
928 929 482
929 930 -51
930 931 -605
931 932 -685
932 933 816
933 934 -632
934 935 -836
935 936 196
936 937 197
937 938 196
938 939 645
939 940 166
940 941 987
941 942 23
942 943 709
943 944 707
944 945 -343
945 946 -528
946 947 -951
947 948 -899
948 949 587
949 950 -454
950 951 670
951 952 -735
952 953 636
953 954 -803
954 955 -688
955 956 147
956 957 -607
957 958 -741
958 959 -828
959 960 -772
960 961 560
961 962 -81
962 963 -457
963 964 376
964 965 640
965 966 59
966 967 -428
967 968 189
968 969 -745
969 970 -431
970 971 -293
971 972 -406
972 973 592
973 974 -583
974 975 -347
975 976 -751
976 977 241
977 978 -297
978 979 -298
979 980 180
980 981 601
981 982 -628
982 983 446
983 984 237
984 985 -431
985 986 -890
986 987 -264
987 988 315
988 989 -279
989 990 260
990 991 543
991 992 -719
992 993 -820
993 994 -562
994 995 657
995 996 -828
996 997 497
997 998 -419
998 999 361
999 1000 753
