1000 20 999
1 2 230
1 3 744
1 4 442
1 5 850
1 6 363
1 7 853
1 8 333
1 9 25
1 10 440
1 11 113
1 12 606
1 13 724
1 14 443
1 15 109
1 16 472
1 17 824
1 18 500
1 19 594
1 20 30
1 21 90
1 22 35
1 23 624
1 24 206
1 25 713
1 26 779
1 27 249
1 28 809
1 29 974
1 30 739
1 31 794
1 32 669
1 33 321
1 34 538
1 35 463
1 36 523
1 37 253
1 38 317
1 39 856
1 40 631
1 41 757
1 42 321
1 43 237
1 44 833
1 45 116
1 46 698
1 47 305
1 48 940
1 49 550
1 50 900
1 51 323
1 52 641
1 53 287
1 54 947
1 55 199
1 56 1
1 57 78
1 58 449
1 59 810
1 60 405
1 61 540
1 62 956
1 63 74
1 64 861
1 65 495
1 66 889
1 67 384
1 68 748
1 69 206
1 70 593
1 71 379
1 72 315
1 73 266
1 74 968
1 75 148
1 76 383
1 77 667
1 78 806
1 79 675
1 80 217
1 81 58
1 82 350
1 83 210
1 84 345
1 85 298
1 86 762
1 87 698
1 88 728
1 89 211
1 90 860
1 91 133
1 92 751
1 93 817
1 94 559
1 95 964
1 96 664
1 97 449
1 98 348
1 99 764
1 100 7
1 101 293
1 102 144
1 103 323
1 104 560
1 105 464
1 106 823
1 107 295
1 108 131
1 109 629
1 110 322
1 111 701
1 112 39
1 113 673
1 114 911
1 115 385
1 116 971
1 117 673
1 118 435
1 119 51
1 120 236
1 121 648
1 122 185
1 123 339
1 124 817
1 125 96
1 126 303
1 127 481
1 128 545
1 129 4
1 130 245
1 131 553
1 132 297
1 133 741
1 134 876
1 135 209
1 136 206
1 137 51
1 138 504
1 139 689
1 140 33
1 141 179
1 142 390
1 143 72
1 144 852
1 145 654
1 146 809
1 147 175
1 148 679
1 149 597
1 150 226
1 151 268
1 152 245
1 153 763
1 154 607
1 155 62
1 156 860
1 157 263
1 158 543
1 159 405
1 160 267
1 161 140
1 162 310
1 163 916
1 164 882
1 165 538
1 166 126
1 167 440
1 168 590
1 169 982
1 170 129
1 171 623
1 172 161
1 173 872
1 174 47
1 175 13
1 176 526
1 177 857
1 178 188
1 179 557
1 180 454
1 181 767
1 182 825
1 183 51
1 184 530
1 185 433
1 186 113
1 187 742
1 188 696
1 189 8
1 190 500
1 191 963
1 192 148
1 193 810
1 194 879
1 195 382
1 196 349
1 197 357
1 198 822
1 199 291
1 200 340
1 201 952
1 202 266
1 203 501
1 204 176
1 205 313
1 206 867
1 207 702
1 208 522
1 209 407
1 210 259
1 211 976
1 212 174
1 213 85
1 214 27
1 215 57
1 216 870
1 217 492
1 218 151
1 219 566
1 220 852
1 221 651
1 222 881
1 223 1
1 224 814
1 225 112
1 226 735
1 227 515
1 228 822
1 229 558
1 230 806
1 231 162
1 232 862
1 233 72
1 234 15
1 235 38
1 236 737
1 237 882
1 238 92
1 239 260
1 240 642
1 241 703
1 242 588
1 243 816
1 244 788
1 245 968
1 246 225
1 247 10
1 248 460
1 249 377
1 250 928
1 251 313
1 252 380
1 253 809
1 254 666
1 255 194
1 256 274
1 257 753
1 258 709
1 259 448
1 260 311
1 261 867
1 262 610
1 263 525
1 264 939
1 265 977
1 266 915
1 267 29
1 268 212
1 269 359
1 270 289
1 271 854
1 272 63
1 273 877
1 274 670
1 275 203
1 276 197
1 277 248
1 278 214
1 279 658
1 280 977
1 281 142
1 282 323
1 283 357
1 284 304
1 285 341
1 286 552
1 287 930
1 288 94
1 289 613
1 290 378
1 291 758
1 292 481
1 293 988
1 294 635
1 295 772
1 296 317
1 297 903
1 298 801
1 299 529
1 300 262
1 301 442
1 302 383
1 303 325
1 304 672
1 305 406
1 306 529
1 307 869
1 308 654
1 309 95
1 310 879
1 311 631
1 312 237
1 313 554
1 314 988
1 315 541
1 316 895
1 317 892
1 318 823
1 319 342
1 320 858
1 321 201
1 322 100
1 323 691
1 324 541
1 325 87
1 326 463
1 327 859
1 328 990
1 329 617
1 330 388
1 331 253
1 332 411
1 333 772
1 334 930
1 335 83
1 336 530
1 337 811
1 338 305
1 339 184
1 340 906
1 341 536
1 342 167
1 343 144
1 344 91
1 345 507
1 346 37
1 347 338
1 348 752
1 349 861
1 350 680
1 351 610
1 352 62
1 353 132
1 354 301
1 355 956
1 356 572
1 357 116
1 358 815
1 359 562
1 360 733
1 361 555
1 362 167
1 363 145
1 364 679
1 365 98
1 366 580
1 367 209
1 368 909
1 369 237
1 370 393
1 371 816
1 372 774
1 373 560
1 374 312
1 375 865
1 376 420
1 377 349
1 378 203
1 379 172
1 380 562
1 381 236
1 382 782
1 383 977
1 384 720
1 385 83
1 386 933
1 387 292
1 388 199
1 389 100
1 390 855
1 391 285
1 392 655
1 393 22
1 394 782
1 395 335
1 396 472
1 397 714
1 398 544
1 399 734
1 400 952
1 401 938
1 402 550
1 403 78
1 404 850
1 405 214
1 406 943
1 407 270
1 408 915
1 409 498
1 410 794
1 411 478
1 412 86
1 413 576
1 414 807
1 415 807
1 416 11
1 417 740
1 418 99
1 419 563
1 420 840
1 421 306
1 422 200
1 423 495
1 424 681
1 425 982
1 426 830
1 427 153
1 428 48
1 429 375
1 430 887
1 431 0
1 432 665
1 433 789
1 434 78
1 435 867
1 436 355
1 437 373
1 438 490
1 439 271
1 440 224
1 441 284
1 442 749
1 443 310
1 444 213
1 445 556
1 446 469
1 447 576
1 448 648
1 449 921
1 450 491
1 451 488
1 452 579
1 453 691
1 454 335
1 455 260
1 456 25
1 457 518
1 458 766
1 459 74
1 460 245
1 461 5
1 462 426
1 463 262
1 464 147
1 465 505
1 466 481
1 467 502
1 468 230
1 469 971
1 470 773
1 471 806
1 472 608
1 473 874
1 474 469
1 475 173
1 476 782
1 477 938
1 478 749
1 479 782
1 480 211
1 481 241
1 482 622
1 483 791
1 484 284
1 485 958
1 486 403
1 487 310
1 488 828
1 489 169
1 490 384
1 491 73
1 492 527
1 493 810
1 494 335
1 495 674
1 496 667
1 497 816
1 498 528
1 499 250
1 500 140
1 501 654
1 502 56
1 503 100
1 504 880
1 505 525
1 506 273
1 507 663
1 508 816
1 509 374
1 510 797
1 511 27
1 512 967
1 513 420
1 514 818
1 515 252
1 516 730
1 517 574
1 518 562
1 519 558
1 520 743
1 521 298
1 522 631
1 523 270
1 524 460
1 525 318
1 526 296
1 527 480
1 528 486
1 529 825
1 530 730
1 531 626
1 532 831
1 533 138
1 534 726
1 535 711
1 536 664
1 537 351
1 538 726
1 539 832
1 540 726
1 541 524
1 542 859
1 543 45
1 544 944
1 545 30
1 546 297
1 547 674
1 548 604
1 549 211
1 550 584
1 551 699
1 552 861
1 553 567
1 554 322
1 555 322
1 556 885
1 557 618
1 558 802
1 559 371
1 560 795
1 561 532
1 562 350
1 563 626
1 564 670
1 565 428
1 566 690
1 567 686
1 568 780
1 569 416
1 570 518
1 571 858
1 572 940
1 573 730
1 574 903
1 575 236
1 576 760
1 577 553
1 578 910
1 579 716
1 580 764
1 581 846
1 582 415
1 583 626
1 584 413
1 585 89
1 586 300
1 587 650
1 588 60
1 589 102
1 590 374
1 591 855
1 592 986
1 593 724
1 594 834
1 595 8
1 596 152
1 597 524
1 598 695
1 599 284
1 600 940
1 601 565
1 602 142
1 603 233
1 604 295
1 605 398
1 606 469
1 607 407
1 608 951
1 609 732
1 610 475
1 611 67
1 612 578
1 613 243
1 614 693
1 615 344
1 616 332
1 617 993
1 618 994
1 619 392
1 620 447
1 621 368
1 622 600
1 623 785
1 624 92
1 625 786
1 626 794
1 627 597
1 628 310
1 629 841
1 630 881
1 631 602
1 632 406
1 633 376
1 634 187
1 635 54
1 636 774
1 637 657
1 638 813
1 639 725
1 640 389
1 641 289
1 642 792
1 643 319
1 644 532
1 645 838
1 646 663
1 647 864
1 648 183
1 649 658
1 650 609
1 651 983
1 652 26
1 653 209
1 654 768
1 655 471
1 656 995
1 657 562
1 658 68
1 659 657
1 660 403
1 661 301
1 662 611
1 663 162
1 664 677
1 665 799
1 666 216
1 667 451
1 668 456
1 669 381
1 670 528
1 671 197
1 672 670
1 673 673
1 674 516
1 675 202
1 676 863
1 677 180
1 678 419
1 679 46
1 680 838
1 681 28
1 682 29
1 683 216
1 684 589
1 685 150
1 686 687
1 687 584
1 688 712
1 689 107
1 690 593
1 691 468
1 692 761
1 693 204
1 694 982
1 695 438
1 696 355
1 697 550
1 698 242
1 699 163
1 700 931
1 701 770
1 702 360
1 703 602
1 704 795
1 705 877
1 706 156
1 707 658
1 708 409
1 709 927
1 710 57
1 711 599
1 712 955
1 713 438
1 714 815
1 715 544
1 716 588
1 717 855
1 718 480
1 719 653
1 720 314
1 721 73
1 722 121
1 723 75
1 724 630
1 725 455
1 726 866
1 727 985
1 728 5
1 729 108
1 730 149
1 731 936
1 732 230
1 733 861
1 734 890
1 735 26
1 736 90
1 737 399
1 738 36
1 739 499
1 740 326
1 741 93
1 742 98
1 743 282
1 744 532
1 745 266
1 746 178
1 747 120
1 748 473
1 749 11
1 750 773
1 751 139
1 752 84
1 753 246
1 754 567
1 755 66
1 756 53
1 757 433
1 758 52
1 759 58
1 760 541
1 761 553
1 762 347
1 763 123
1 764 414
1 765 589
1 766 149
1 767 857
1 768 988
1 769 186
1 770 356
1 771 315
1 772 631
1 773 807
1 774 949
1 775 163
1 776 425
1 777 479
1 778 636
1 779 250
1 780 490
1 781 761
1 782 389
1 783 927
1 784 360
1 785 308
1 786 345
1 787 413
1 788 741
1 789 749
1 790 824
1 791 634
1 792 302
1 793 171
1 794 758
1 795 69
1 796 112
1 797 259
1 798 926
1 799 453
1 800 797
1 801 634
1 802 120
1 803 429
1 804 793
1 805 69
1 806 592
1 807 218
1 808 900
1 809 580
1 810 820
1 811 743
1 812 342
1 813 562
1 814 22
1 815 702
1 816 870
1 817 367
1 818 467
1 819 612
1 820 117
1 821 291
1 822 246
1 823 771
1 824 814
1 825 4
1 826 192
1 827 927
1 828 264
1 829 118
1 830 380
1 831 61
1 832 105
1 833 500
1 834 842
1 835 898
1 836 921
1 837 435
1 838 469
1 839 173
1 840 367
1 841 289
1 842 916
1 843 709
1 844 203
1 845 290
1 846 763
1 847 74
1 848 10
1 849 231
1 850 686
1 851 127
1 852 522
1 853 284
1 854 250
1 855 337
1 856 641
1 857 443
1 858 616
1 859 257
1 860 913
1 861 348
1 862 670
1 863 18
1 864 848
1 865 513
1 866 917
1 867 121
1 868 300
1 869 738
1 870 646
1 871 667
1 872 379
1 873 563
1 874 377
1 875 583
1 876 205
1 877 492
1 878 657
1 879 215
1 880 723
1 881 695
1 882 694
1 883 246
1 884 979
1 885 945
1 886 935
1 887 972
1 888 388
1 889 551
1 890 229
1 891 301
1 892 251
1 893 900
1 894 320
1 895 451
1 896 765
1 897 589
1 898 572
1 899 65
1 900 679
1 901 218
1 902 732
1 903 58
1 904 133
1 905 461
1 906 641
1 907 691
1 908 954
1 909 298
1 910 906
1 911 677
1 912 993
1 913 601
1 914 275
1 915 325
1 916 898
1 917 210
1 918 297
1 919 286
1 920 113
1 921 879
1 922 939
1 923 716
1 924 131
1 925 611
1 926 167
1 927 896
1 928 200
1 929 91
1 930 961
1 931 231
1 932 310
1 933 45
1 934 290
1 935 795
1 936 507
1 937 931
1 938 838
1 939 461
1 940 230
1 941 745
1 942 490
1 943 575
1 944 698
1 945 766
1 946 252
1 947 596
1 948 328
1 949 902
1 950 234
1 951 794
1 952 781
1 953 173
1 954 510
1 955 264
1 956 785
1 957 30
1 958 160
1 959 337
1 960 121
1 961 473
1 962 569
1 963 783
1 964 518
1 965 211
1 966 931
1 967 25
1 968 142
1 969 769
1 970 838
1 971 724
1 972 514
1 973 329
1 974 300
1 975 564
1 976 447
1 977 552
1 978 512
1 979 127
1 980 454
1 981 746
1 982 273
1 983 587
1 984 272
1 985 136
1 986 851
1 987 409
1 988 166
1 989 11
1 990 98
1 991 287
1 992 484
1 993 19
1 994 71
1 995 3
1 996 230
1 997 2
1 998 380
1 999 373
1 1000 123
