3294 3297
4959
1078
3287
3670
4789
2851
2829
2762
693
302
1907
1323
4186
4129
4379
4587
1313
285
2291
2551
14
2895
3693
1667
4431
4360
4108
2402
261
1581
684
2343
903
1255
653
936
568
3603
2038
374
143
861
1838
1952
549
2749
900
927
949
559
727
2552
914
1512
2120
236
3277
1898
2517
3255
2561
2056
383
4150
1477
1151
3135
1966
4291
4741
2796
77
1673
2344
1152
1262
824
4320
2614
1209
108
2827
1564
2401
2354
2960
1563
1561
493
4384
3088
930
983
2242
4920
8
1596
2142
2016
2972
2945
3146
865
1438
1601
4273
337
3130
3749
3839
3823
3182
3030
2598
3809
4417
977
4756
498
67
1359
2707
1877
2791
1750
4072
2021
1792
1799
2140
852
3667
3580
4172
1210
1868
2108
1524
4594
276
3601
1131
203
2992
4710
1271
2974
3816
1996
4525
860
4584
3839
623
2778
3171
769
4145
3188
4178
2906
1335
3368
2351
3863
3277
708
504
3807
304
312
1962
4043
287
1099
2385
3417
3759
4402
1695
886
1160
717
4039
3079
439
1000
4288
2679
513
2541
3958
4528
2329
356
2419
3033
2343
3922
1313
294
4155
3659
3751
524
4436
3027
766
3304
1763
1857
691
1738
1941
1267
3620
4118
4960
4912
465
4705
1060
3093
472
4914
2172
3064
2796
775
3220
4446
2951
2160
2473
3820
1816
3691
3357
1857
4632
4635
182
3860
818
4765
3121
654
3932
342
3205
3780
3145
2782
958
2969
4653
4658
3779
613
4797
1494
967
4304
2850
2989
4045
3346
4291
1363
1401
1190
1857
4086
4176
281
2974
482
1452
2087
649
139
2393
3871
4221
2473
1709
4067
4190
1740
4255
3891
2916
1509
4300
3936
3044
4815
3107
3146
2189
1515
3270
4426
3344
2659
4372
1687
2636
3028
4178
3793
2144
4289
3696
442
148
2167
4262
661
2295
427
2605
3473
2032
1651
755
227
237
561
426
4598
2350
3815
113
3027
4546
3691
2707
3942
1212
168
4988
3276
2614
1578
4271
3106
4366
1069
3722
440
2589
1518
4346
4030
3554
2770
4045
118
2605
946
1893
1297
4959
2186
3456
3464
4343
3455
1423
564
2584
2438
3418
3390
3189
125
3049
2086
532
4462
3129
500
2606
1431
506
2754
2981
1662
1143
2283
845
3371
2143
2920
3105
908
4473
365
3783
1867
2706
324
2325
3963
212
2739
3532
1938
2801
2826
4031
3773
3833
763
3399
2643
3523
4273
1390
4889
1547
4363
946
267
691
3739
1892
1752
1074
3343
2191
782
1471
2619
2083
2428
1148
2884
1430
3196
972
1508
4308
3907
4936
2346
2767
2982
2539
4584
3353
3032
1278
3274
1216
4424
3086
3244
4597
4656
336
30
3136
2395
3780
3082
1652
706
1808
4868
2861
2745
1785
3924
494
374
4330
3375
4595
1252
583
1480
3781
2827
4065
1081
1038
3793
4592
1402
3393
4424
3765
2783
2768
236
3422
1956
1210
2658
817
2565
71
1323
2114
246
2825
3701
3809
4728
1804
1722
1153
3983
1185
4736
2247
3931
3863
3254
3877
1051
2103
974
2890
1605
3007
264
4124
2710
1235
584
4031
333
113
4007
3624
3158
2375
3629
761
3232
417
4954
1694
3288
4870
3418
4882
1567
1947
864
4232
4911
3518
607
2679
735
2109
4553
4912
3426
2601
1833
2185
2492
1396
3378
3689
1886
1584
596
3949
4791
2238
2481
1463
2701
3559
3601
559
4892
321
1070
4803
4737
3765
826
305
1444
85
92
1118
3424
4348
2081
4497
2118
714
917
2566
4585
3079
1996
874
4968
3641
2827
1300
4084
2928
3882
2416
4111
2502
2403
4346
88
1221
1177
1725
3516
1486
155
3524
2653
1622
2763
737
1651
3258
4112
4349
1624
4311
741
4208
4494
2980
1387
2781
3308
4582
925
2874
4933
447
2140
1
4233
2478
2637
3608
2923
3055
800
3162
1325
1296
165
4231
2818
3127
1805
4194
2237
484
3590
4826
2227
4101
1642
4275
2205
3951
1568
568
346
1230
439
3580
4687
2864
3023
3087
3191
3737
4941
4250
2309
2769
3679
3356
3377
1819
239
4303
2064
3276
1778
3910
3053
3477
228
1392
4527
4607
354
1989
445
2976
1445
2889
871
4010
952
2835
2955
4558
1535
2774
3784
1437
721
3955
3172
2211
2347
1187
4056
2885
1415
1633
3225
3455
3352
4324
3407
1516
4953
336
2848
2524
3871
551
1398
971
822
3992
2210
858
2349
3214
4635
2339
796
243
2013
537
2756
1692
278
852
1186
4931
643
4108
2057
4584
2824
707
2014
4066
1157
2322
3557
2860
3501
1391
1338
4405
4747
4397
3843
923
109
1481
1243
1638
1860
3835
1013
302
2072
1192
4824
1861
2577
1213
3831
3638
575
2872
903
2667
3996
4077
488
1155
2078
4229
72
4716
4288
2824
1639
2633
222
2335
2124
3081
832
407
533
207
1112
2338
877
24
3335
2827
3064
928
244
3395
2880
2117
2118
1626
2793
3205
866
533
1547
4768
1806
3997
91
2627
3426
16
2776
1285
1534
743
775
634
3832
2364
2247
1588
4366
1997
2856
3796
4682
1296
3162
2567
1069
557
227
2127
3253
3752
1376
2853
1541
2684
4450
2034
3025
629
2534
4459
1194
1452
135
2965
1739
28
3036
2387
4305
3059
674
1799
3493
4608
3407
728
1925
2061
4597
308
212
2120
3917
287
3202
2110
3138
3788
3843
3299
3098
2984
1119
4668
2062
3105
89
4104
154
2596
1467
4072
344
2919
2010
4683
2111
4454
2598
3528
4698
855
2859
574
976
3818
2869
2884
2597
719
1650
2373
74
3540
2967
459
1903
2632
2466
3524
2224
1499
1269
2849
2911
4164
4287
1918
404
2049
2198
3381
3187
4070
2158
4731
4036
3374
76
1775
2263
4288
2842
2295
1163
4200
4342
4699
1961
1214
3719
808
3277
3826
1112
4111
3832
4074
2597
405
767
3766
973
2639
2952
1432
3232
4413
2530
2623
3592
2858
2114
1480
1870
2662
3523
2975
1192
4967
2283
2791
3791
1308
3715
188
185
253
4016
4605
925
4013
1156
3023
3307
730
445
4604
1821
4223
643
4886
3394
3525
333
2325
3929
955
2784
2317
4532
1892
4670
3034
4916
746
1082
4074
1721
3216
2222
4927
4965
1396
2033
4818
1292
3036
3487
1969
357
3673
150
1876
1329
2855
3557
572
399
441
1219
2079
3991
3514
2407
567
4707
3553
3095
2956
196
4986
1295
4598
1134
2419
3808
3862
1354
2682
1055
164
1175
4360
1790
2758
2963
4847
2229
7
4535
759
2582
3434
655
132
3211
4459
2613
4512
486
947
963
4189
758
3646
2070
3517
2199
4907
1464
4051
2525
3157
4352
1698
2677
1056
3135
4025
3549
3916
4922
3670
1108
1246
1744
2119
2917
495
2258
1198
2105
562
4830
1318
3239
2039
1154
4475
3986
2788
1395
555
3904
1328
2673
3692
2245
1885
2686
890
4517
191
4168
1499
2162
2406
4600
3253
2370
3699
2164
4718
4827
1054
84
54
2263
1053
3520
4140
695
4670
3563
4122
3523
3074
1224
4275
4222
2015
3888
4752
2580
4578
367
734
2065
2618
2491
2020
51
4648
2344
1259
736
834
4445
2217
3878
4028
1078
2553
2672
2005
1921
3951
4714
1436
4117
3686
2153
269
2069
1417
1372
4576
3804
3316
4561
4142
4728
3403
2914
2033
4279
1928
4087
1466
4476
3821
4630
4029
4035
2007
1088
4689
1429
1972
2944
3243
849
3398
943
750
916
3236
4053
1475
1425
3101
1460
2004
3607
3671
2964
4006
1778
3399
574
757
4924
4746
3397
893
1431
4535
334
4936
585
2569
4938
3275
4774
3106
1943
1402
3982
4023
1749
3042
1546
4988
4930
1147
658
649
2038
796
204
1859
1356
2412
502
4519
4551
171
3160
3321
3338
3349
4521
4033
2267
948
1225
2259
4075
408
4882
1328
4581
4346
1332
4240
3962
2053
4713
1975
2318
1079
1592
2748
4394
4789
2621
1712
4991
1469
1015
536
2296
4704
1177
4249
1903
2012
2745
3642
3481
2905
3672
3584
2807
4240
4516
3463
2478
2314
4301
3850
71
4637
3142
3816
556
1227
3557
4453
2503
3683
1224
4101
2297
943
3021
3129
1260
2783
3960
1514
4218
553
1927
4608
540
4967
1887
4775
1614
1665
1841
2775
100
3775
1589
3964
2009
4446
560
4552
2980
4625
993
877
373
3862
1858
4277
197
4375
3579
1791
2483
1414
4012
2971
4584
2436
2011
4645
3655
2970
2163
2770
3429
1010
950
394
408
2555
2403
2734
3986
2546
1555
3775
2455
28
4184
3397
2494
4471
1017
1784
1868
2678
2040
3725
858
4616
4730
3902
137
1667
2847
594
706
529
1156
1558
2356
4114
878
2491
2166
2050
223
307
738
376
4628
936
4312
4097
151
1986
2166
3718
2019
4
917
599
4895
433
1596
1171
3871
1439
3823
920
56
3409
4656
4799
4728
45
2007
1909
3941
36
3951
2035
4941
1466
2110
1923
2706
2409
4193
1969
3699
1975
1073
2788
3867
2044
1497
1730
4082
2623
3272
1669
1310
1453
1849
3136
3524
2925
3444
2268
1851
3480
3051
4851
1065
2306
2542
3589
3768
976
3161
4150
1606
663
1614
4742
1258
2006
1804
244
1977
2768
3709
925
646
1099
3533
2823
3978
4660
816
3746
4344
4928
4814
122
756
3881
1834
3540
1928
1455
3075
314
4759
4134
3621
2163
4440
4767
2721
3535
3303
3961
251
2042
3011
3810
3970
4131
1205
3078
665
929
1142
1680
840
4024
4289
4319
2115
1885
1549
3455
4668
3222
2596
3544
881
4516
3302
4356
4092
2581
2982
4416
2991
1379
3092
1562
1480
1895
2420
4722
890
2761
857
2213
4470
3278
718
787
2245
3779
4669
1966
4382
568
4576
1547
4395
4819
2757
2942
958
197
3837
4106
2240
4883
1718
2090
115
2572
580
2887
3741
2328
4570
785
3117
484
2203
61
591
3818
33
3946
1864
2511
979
570
1992
47
507
2083
774
4683
4643
903
1981
931
638
2450
1120
2896
466
1756
169
3538
917
950
3493
1689
3907
846
2293
2962
1742
4472
3511
2065
2398
3451
531
4702
2561
4148
4790
1928
4997
4689
4062
1942
3187
3370
1685
2607
4707
4157
3012
2192
158
503
2264
3656
1961
319
3499
464
52
4925
4554
799
419
3941
3209
26
4013
1417
1095
3458
4500
1971
597
2269
3321
1911
3473
3765
2246
440
1542
3950
4772
357
4601
3333
1988
2421
65
3333
1779
743
2161
2383
1996
4566
4462
1340
2559
346
1803
2963
3751
3469
2096
4848
536
4917
3438
4142
1744
950
4850
1699
4053
4836
3153
2039
701
386
3234
813
2851
1205
2090
1461
15
4355
4963
1055
2285
3519
1926
3758
4671
2204
3820
4124
3162
783
4428
2201
2428
4630
1583
4804
191
906
4914
1845
3064
1002
4795
1372
477
3790
1369
355
2548
3928
4219
4804
195
1776
2389
4721
2631
4569
2853
2741
2543
2001
3076
1157
4885
1232
3525
2764
3379
3812
3522
1679
2518
3115
4196
4719
2452
564
4516
1103
3307
454
3269
3234
3002
4006
4704
2176
2896
1888
3400
4509
589
1032
2466
4612
4289
4630
533
753
3417
1670
4447
619
1780
2877
145
1347
1089
4128
793
329
775
4965
4972
1933
1671
2130
4820
233
3899
4966
2807
1135
3208
1959
2096
1287
3571
4769
4310
4563
314
1451
605
906
1697
3217
4179
2075
4275
624
4987
4445
3540
4538
4402
2004
1211
3745
3615
2093
4817
4127
806
222
2122
450
2621
1318
4036
707
3538
2441
1395
3922
870
3163
678
67
3705
133
1168
2274
4244
2685
4319
1838
1833
3790
3227
4957
1559
4801
4969
2234
4474
2044
2555
4518
2879
1647
920
2276
2847
1313
2425
4992
4004
1313
2185
2813
2017
3247
6
1986
3416
469
169
4523
822
1233
3724
882
36
4965
2530
3206
1430
2587
4303
3591
1708
2994
1379
2865
3137
4913
220
989
499
4712
2795
1496
2774
3263
561
2502
1466
598
1387
2018
3897
4386
3663
1325
1819
2925
63
3522
3739
357
3686
3365
2041
905
2435
805
752
1300
4265
368
4817
4988
3323
3238
1472
767
3710
2602
1387
4791
1615
2146
3339
2564
4771
4133
3219
2878
4363
4207
48
4460
3874
3973
4790
3382
1349
1870
2990
2267
4853
4339
556
81
518
422
1365
2245
649
2853
1171
3044
1622
125
4552
643
3111
3731
381
1469
3128
810
3439
1455
1093
3952
21
2608
947
397
2477
2156
202
3925
1014
2996
1820
3091
1378
2254
4210
3413
3307
3317
4281
2425
4547
1000
2896
2322
2240
2328
928
3871
2514
3467
4211
2508
2897
3231
2374
1511
2870
3553
91
943
2666
2765
686
3110
3479
3114
4843
1386
319
4071
3247
3002
3014
3605
3063
1269
2654
4077
2008
2381
3189
85
206
2579
1931
4757
2808
1973
3424
2390
3503
405
4059
109
4982
2539
2032
4614
3694
224
3824
2116
2807
4369
3489
1747
4105
158
4175
4276
2401
2716
3723
1507
3003
2205
1997
501
597
2129
4895
4932
2763
1862
2606
309
943
3765
2619
1250
331
3682
4650
3307
1444
1059
2132
913
2645
1028
995
1848
3851
575
463
482
3204
1697
4649
634
345
1484
4300
4166
1683
2156
1796
789
193
3864
2836
4465
2590
1830
1470
3564
1575
2931
1583
3306
1273
282
3545
439
2067
3395
1811
496
1184
4105
3212
1811
446
382
1016
3077
209
2105
1311
900
2341
702
2559
2429
1059
1603
474
2724
2989
849
2435
514
1137
768
2262
251
1777
767
2920
2743
1071
1487
164
875
546
303
1732
2327
3078
4617
2561
1417
636
3271
1187
4820
680
4408
3580
3731
2474
2221
4791
1813
4783
1545
3005
828
1110
320
3606
4364
3109
4480
4295
146
1459
270
1748
4823
4976
1723
2119
1235
3190
3774
4355
139
1987
3292
2686
4650
2136
3901
2428
628
1755
2819
1639
2293
2792
1614
1988
447
1895
2671
168
1795
15
1872
122
4679
4694
3038
571
3779
2273
3935
2620
3030
4471
2137
2442
1020
3907
4959
2049
1626
4437
3551
278
2552
4652
513
1341
2306
2993
3269
2342
3797
1354
400
1161
3077
796
3155
4276
621
4163
3054
4617
4136
4576
4432
4069
1033
2750
1807
143
965
1668
4250
2689
2942
1957
1540
2687
4526
433
579
1905
4965
1163
4595
4762
3517
1286
453
2541
4794
2077
304
2198
4960
816
4077
2708
1051
1048
3190
4932
2173
2592
2436
1350
4853
4044
733
597
3275
2584
3774
2767
1570
349
2513
3109
3966
4781
4834
2689
1333
4650
3755
26
257
3532
750
810
3951
1691
2549
931
191
3277
3278
3675
4792
2796
1477
4715
3390
3909
472
263
3038
4657
992
1196
3401
695
1901
565
2496
2502
3650
2157
432
1772
2309
51
2802
2351
235
3583
1038
3573
2910
4901
410
405
834
4516
1729
98
3603
4518
4232
1734
1249
3722
243
903
1031
3920
220
355
2411
3092
1474
4799
1767
4290
2379
3449
3090
1516
4642
1739
1925
123
4984
3969
3853
4773
4296
4075
4100
1120
1819
3118
3079
821
188
441
4906
1238
3263
2219
3877
794
4898
730
1301
1067
998
2313
3901
3881
3302
4311
1539
3001
2867
4409
3378
4253
4631
397
1861
1552
2211
3693
170
138
936
4686
2950
3443
1564
2153
4301
4183
210
4803
813
4116
198
1027
3200
293
3295
3737
4936
3628
3374
2182
2833
142
974
513
2532
938
3595
1062
4030
2758
1308
554
1197
1038
306
3084
2563
2609
2388
4775
3550
4440
4741
475
944
869
2136
1252
1285
3043
646
2333
4504
677
4694
1421
2589
548
4546
2375
4031
485
2261
4187
1086
4142
1184
1194
2131
4784
1894
945
1271
2399
458
3072
543
3867
3973
2514
4934
1926
1954
1351
807
3516
2494
192
212
2606
1713
1098
1063
1956
2295
2663
4680
2945
3389
3373
2266
4701
4685
3308
1457
3346
2408
1689
2768
3420
638
3498
2287
934
1976
3341
1039
2326
4878
1871
4464
4879
4093
1214
2299
122
4762
2195
3814
1066
1791
248
953
2015
4771
3342
4087
4292
893
2265
2006
4863
825
4135
3838
206
518
3021
1127
4083
3393
3273
280
2542
1394
1378
4585
3555
4561
337
665
4322
4824
2258
2079
4403
1765
2914
455
4109
2781
2620
2391
169
4929
2212
3903
530
1196
3025
3859
4614
4138
136
1736
4838
3965
1502
3925
4123
1729
4698
2246
2421
4597
1318
4347
4396
968
2824
1530
4767
683
4948
1288
967
3027
22
515
3666
3581
3030
2104
4846
45
168
1142
4026
1821
4290
3595
3496
4429
661
1336
1039
1691
532
4428
3179
3474
3477
3389
1109
2439
4510
2648
1676
3492
1267
2993
4330
1292
3195
2515
285
4421
4471
1420
4099
241
4209
3362
1011
3836
595
1322
1832
2174
4482
1849
3868
3790
176
2183
1652
3463
2014
2726
222
4763
721
4698
1339
3552
4421
2237
1211
3279
4839
4286
1805
4455
1406
2321
380
3408
2084
2479
2847
4323
2586
3124
1762
2474
552
1155
2938
4393
2186
655
3857
2758
4140
3454
413
2698
2921
1082
1110
3912
4438
1741
2440
910
3057
2840
2743
59
2655
2165
1838
2553
3006
2620
4056
1295
1625
2214
4906
1593
1036
1387
2581
1428
932
2148
1144
149
1612
1710
809
2261
4363
3348
2933
2616
4673
3121
3577
4721
3503
1452
9
1043
4643
2665
1546
3416
3982
4563
4810
2976
4312
3506
2651
3954
2071
2008
621
3333
821
285
852
1533
3577
1827
4713
1078
3835
880
946
4814
4732
676
3643
4587
4686
385
4785
1092
596
2869
2163
1664
4650
4389
2701
2099
779
1057
1210
1069
806
128
4581
4605
4728
4431
3865
2306
3870
627
2595
1089
4594
1412
1170
4135
4230
3790
2231
3385
2766
2485
2219
4977
4909
244
4947
1190
3452
239
5
4902
3599
856
4461
2687
3340
2646
1066
4411
4978
2071
4404
1379
229
2382
3117
4554
4460
4595
2851
1407
693
4232
500
1261
199
3497
3996
3254
3339
4719
2431
3907
1659
507
4103
2754
2894
2671
3806
4282
294
2137
2679
3749
2409
1783
2490
2086
905
278
712
3575
1176
1221
840
2035
1105
61
755
800
4484
2875
2509
435
844
3154
3534
1258
3272
4207
3406
841
4385
3088
2792
1528
1800
3539
3051
4017
3253
2869
4032
3390
4946
230
4480
1982
600
3945
3928
3733
3411
437
2285
4326
197
4512
169
1596
98
54
4302
2385
1708
4269
1676
2743
4203
4986
3014
3059
3236
1999
1219
2231
1125
135
2691
4269
2147
1755
1626
1932
1074
2331
2910
3079
1056
3025
3016
2858
2441
3993
3129
510
2487
4960
1659
1448
2324
3476
1650
3925
3083
4658
1361
4675
1309
4885
432
3694
1493
4526
559
954
2546
4679
4894
474
2973
3949
2611
2338
1410
4486
85
3112
3545
847
3148
3440
1528
4410
1299
4629
2033
4220
1712
3829
790
3536
3542
173
4659
4446
333
3393
1982
4487
6
1151
3950
3918
4154
4320
2118
1661
79
3977
1574
1596
3667
3885
2111
3197
2293
4974
3417
1181
4633
4189
4396
4824
1978
50
4616
3923
347
3382
316
4498
2342
3653
2493
3502
1392
2630
1536
110
1167
1445
1344
2052
730
4317
566
3635
3292
4765
4814
3154
1520
4513
4472
3804
1569
2747
4154
4526
1784
1736
3224
732
1053
4420
3986
250
3704
4453
4711
4979
2773
3664
1361
4547
1076
1553
2362
225
4528
4213
3765
1594
1186
3215
3478
3027
1823
246
2444
3290
2197
4242
1842
190
2232
242
3873
4721
3924
2933
1879
3868
1191
2922
4454
4817
3738
986
3717
1904
1457
4059
1549
2760
235
3779
3723
775
2259
1891
2788
3871
202
600
3722
1243
2457
1664
166
2015
4380
1030
3942
2023
4873
1559
816
4038
4475
1782
4885
4707
1325
2897
2540
423
2900
2695
1727
3838
4779
2042
4067
87
2756
1489
1567
4198
1505
4859
2758
1267
3653
4147
3837
3328
2015
1965
976
4472
4035
1471
2438
853
145
4207
1620
2799
2850
2409
4707
2362
4573
3039
3371
4297
2545
1303
2197
4527
1711
4450
2066
658
1565
4040
1278
4613
2903
3160
1223
1229
2776
2425
3056
1758
2576
598
2158
1238
4479
1796
1705
4217
2058
1018
2330
3164
2960
4014
3282
1287
1502
4787
4482
394
4883
1477
3368
743
4568
1453
3959
2638
4135
2739
1326
2476
2226
2745
2062
3132
1157
1654
1823
1446
3351
2046
4626
3269
3179
4684
326
3203
582
2190
2137
1181
1257
186
3613
3015
216
2684
510
1738
4439
4007
4030
61
4848
556
391
1580
2960
2715
2111
1245
1790
1090
2212
4092
837
4124
1400
4941
4276
638
4491
692
3861
4558
1787
3368
937
3549
3853
1375
1569
3479
3457
3356
1964
4023
2034
4274
1379
3674
2568
3999
2966
1327
2699
860
4801
4192
2137
1042
4547
3427
4233
511
4281
3629
2200
1874
2216
4510
3816
415
4965
3134
2201
1715
2382
1294
2965
4137
3481
1743
775
878
818
1272
462
4747
546
1246
3477
38
157
3273
2
1077
1103
3827
2826
40
2712
1778
2194
3573
4490
3127
1975
136
4139
1444
3548
4194
3070
3217
3660
3465
2236
2247
3913
2956
614
226
4661
1247
3493
3383
3413
2110
1738
2988
2827
2411
2833
885
317
2356
629
2144
3919
3335
4344
4463
2422
4175
1297
1569
3894
2955
2723
3685
1483
1143
2685
1897
3990
1744
1563
1975
2918
1028
4969
3145
940
3975
588
4342
1560
4606
3539
2146
2924
1239
4430
942
3446
1369
4254
556
3407
1390
578
3755
3782
720
2742
725
4828
997
3640
2754
1969
1848
1711
4584
2253
864
2233
868
1291
181
3461
8
3447
3400
3327
3962
3214
3207
46
4845
1538
2451
2112
2828
4464
3513
831
903
4362
692
3069
3859
3999
2080
1503
3669
860
1856
198
3708
1763
221
4951
3553
4340
4847
1034
711
1631
4084
2816
672
318
4301
415
2273
2270
1291
1916
3015
2620
2227
740
2747
1727
108
2219
1939
886
3182
796
535
4444
2549
2491
4483
177
852
104
1280
3060
3925
1269
3994
4377
1980
141
1083
1769
2646
4342
3858
4235
4381
2714
4551
3269
557
501
3972
3402
4134
4220
2425
2295
680
4918
702
1585
3125
2543
2191
537
984
4143
3691
2979
1842
838
2834
294
4749
3384
1893
470
3667
4512
1384
2578
154
419
1523
1712
968
4329
4426
4481
3932
1226
525
2086
4942
4620
2113
545
1380
175
2265
1689
554
1308
480
3560
2466
2404
848
3991
4844
4568
103
1686
1567
2846
1421
2520
1608
714
202
1029
1166
196
1305
3933
2689
2077
2299
864
2877
18
1569
1167
1142
2506
1470
2487
2325
4093
3968
3905
4127
4332
1035
2275
2746
3064
4750
479
3664
545
3252
4924
631
1388
4926
456
1334
3258
4217
3976
399
2652
1051
594
3584
1476
711
3694
3868
4327
1408
3534
2553
2546
156
4056
4239
4085
4790
3613
3232
2716
2231
4155
3421
4968
2717
2410
1333
2650
1905
3552
783
3755
1022
3219
2457
3811
3848
1209
849
1106
3260
3458
2035
1169
2223
2470
2006
3204
1229
2126
2006
1769
2832
1189
3051
2899
2233
829
4447
2326
1514
1486
4270
3546
3439
1549
4137
2163
3392
1847
4799
1097
746
2307
1585
470
2370
3199
3213
4261
3143
3081
189
4091
3765
2391
3642
3957
3460
3879
1003
3803
571
3012
240
1605
2714
4650
1044
3278
163
1800
3466
1276
3030
2805
1219
775
3658
1003
2526
3142
3253
3465
2704
3920
4308
4898
4221
120
1890
223
1060
2814
4446
2379
4668
1165
4029
96
441
1069
2576
1902
1594
3167
2201
572
1031
3380
3084
361
1378
3987
944
4128
1206
1618
945
3414
1631
1780
1005
1378
2021
4478
2526
1596
1850
379
1692
3024
288
3226
1264
4094
1594
2174
3877
3172
2947
3121
3540
443
2737
3635
1555
2108
4393
1729
585
4462
4561
4328
1648
591
155
1397
1591
4739
2828
3051
4987
4846
4637
3858
1515
1582
1553
4514
969
1929
2657
105
4239
1883
3859
1780
4439
3822
4123
3339
2865
569
1184
3562
795
704
3556
2143
3903
332
3088
1353
4069
4065
1090
4675
1057
175
3127
4253
3079
3980
4214
3093
2094
2880
4524
4353
2298
1652
4822
201
4034
1894
2906
2462
2215
3534
4020
2680
2505
4283
1973
2999
3357
1733
2791
2197
671
3332
1780
2929
4055
2097
4819
2067
1549
2112
3266
2636
4274
1397
3708
3156
4912
2805
1741
1798
1529
3253
353
3169
1216
900
1347
407
4960
4034
2489
3504
132
3385
1899
4280
180
4749
2275
2422
373
962
4088
581
328
3108
4296
2341
446
883
3776
2098
3161
1268
597
2705
1843
4459
992
4319
4619
4497
1138
3026
1983
1460
4264
1568
1504
3933
2618
3353
3911
2569
1170
2864
4368
2809
725
1672
3330
879
1280
4457
1687
109
697
4454
1094
3855
3243
4410
2665
3340
3548
2855
652
3586
3387
2
3833
3243
430
2875
292
187
4059
1167
3666
2582
369
3123
4225
1112
896
2694
71
3824
2076
3699
4702
2802
4366
4355
2502
1435
3596
4104
4377
508
2212
1751
3853
3708
4314
2023
4085
2365
852
1162
2032
1545
2254
3286
1048
4799
466
4353
2308
2373
648
1304
1259
3112
169
3874
4104
1413
1479
1794
2494
3667
1673
1070
4896
4870
64
697
931
2442
1864
2738
4259
203
3784
4711
4846
3837
1963
3066
2947
2523
4750
76
3241
3535
3348
253
40
3389
520
782
528
4898
2630
2006
859
3631
3988
2675
608
4860
1288
943
4345
675
3254
4541
4757
2520
3038
4744
1022
2758
4507
1551
2763
1667
89
1832
1504
2819
1026
216
637
2301
2648
1216
763
3337
3931
2292
1075
794
4339
144
4974
307
673
2925
4549
3701
4674
132
864
4679
113
684
4525
1422
3382
972
1882
2991
3699
4036
4874
4810
160
3371
1455
628
453
261
960
588
2390
3920
777
1158
4384
3716
3237
4892
2465
1199
2323
3421
1543
939
3467
3576
599
3986
327
4631
93
2
3794
2956
3473
1671
959
2539
694
1171
3007
528
3593
3167
2848
2867
990
4961
2292
1809
3992
3888
2870
4565
2199
2312
4639
1871
2788
557
2854
158
2622
4756
2879
3316
2158
942
4969
1357
2413
143
987
1411
1494
4934
2053
1400
1071
1670
1924
1854
4833
4705
4102
56
3964
4740
2770
2187
3223
105
3463
45
1626
2428
4307
4155
3286
843
3986
4720
702
1134
2553
1441
4124
4475
3581
1173
3209
3367
3950
46
665
3655
142
624
1196
4439
4044
2286
2683
2652
2768
3831
1976
4269
1545
4765
35
1665
3596
3490
4875
4416
570
941
1098
3030
287
3058
3820
3938
3744
4881
2996
1034
424
2218
1143
639
2592
4611
3968
1650
1660
3247
1741
1822
4279
984
161
232
406
4863
3036
710
379
1377
1181
3823
2288
764
267
1254
3767
1651
999
555
4387
3929
3282
234
4179
4668
3161
1271
2478
4974
400
1128
1175
4416
1829
3390
1104
3239
1815
4468
541
1204
2856
3788
343
3097
4792
4078
1185
684
1968
1342
553
4927
91
2849
4607
2456
122
685
209
535
4103
469
2965
2844
4312
1610
2185
1346
3790
3843
4525
1022
380
3510
491
4604
1748
3770
2057
3040
2878
1248
2499
2900
1732
3804
322
4473
719
2806
1195
811
494
4140
3383
4322
1048
169
2805
4120
80
4788
856
554
2814
2901
2465
2092
616
3262
4620
1148
570
4039
4234
1494
2179
2500
3724
3796
3307
5
1876
2685
562
4769
409
2472
2560
443
3286
2837
608
1838
4215
4938
3565
84
4371
4521
2339
824
4147
1874
3035
2919
2459
4259
4258
3704
694
708
1934
4301
40
322
72
1653
363
465
1747
3795
1770
1991
4554
3038
10
2838
2897
1008
1145
3788
1453
1121
1886
4538
4326
2899
3223
2606
1117
4255
2816
1409
3787
4529
1094
3567
3023
2647
2328
1192
4029
559
1507
1445
3469
1541
4886
3862
932
2289
4264
3879
1511
1046
588
1378
573
4516
488
250
1618
2676
1816
2286
3387
2969
1861
986
4667
2081
396
1135
4862
1616
1297
1314
4574
1360
708
2813
3652
4765
246
905
1319
2842
4107
2939
4609
1411
4060
1673
2168
4191
3703
2247
1008
3952
4389
20
1583
2208
1257
423
2113
78
1571
2120
1728
4781
4488
3237
4377
280
403
1514
4465
2013
3596
921
1730
4230
4451
2090
2456
3661
118
629
2844
1951
2288
1777
1288
695
4613
1573
798
564
3621
2688
1581
3942
1783
2807
3237
4185
4373
2189
4652
2513
2769
953
4034
3401
2102
1406
2632
3922
4387
3164
411
1623
2072
2959
3911
1643
3931
4441
2682
3575
4470
3303
2395
4062
1032
3006
2127
1070
4919
1914
4329
1722
4758
2826
909
3233
3516
4693
4404
2043
4789
3520
1682
2342
2042
2402
3417
2647
15
4845
3252
2467
4888
1620
3040
836
1367
640
2658
1209
1499
726
4126
2714
3046
648
3105
4885
1795
1658
3563
979
2525
2900
1474
4694
1167
4756
874
388
4924
4390
3537
517
3055
3823
4675
4493
1374
3653
4592
235
95
1647
592
1300
3980
453
2942
664
4047
2624
1432
4151
1892
210
3560
1451
498
3796
2276
2259
3721
3982
4306
593
1364
3548
2595
3010
1307
3780
2262
4534
1831
3489
4721
365
3374
2750
3111
2182
3212
3510
2745
428
170
300
2024
512
4598
2850
3418
1531
1540
3534
122
4919
3874
1049
757
1985
1268
3491
1486
4867
2845
2044
3800
3982
4686
2510
1610
4860
1765
2314
2445
2014
4712
2760
4355
2320
491
4867
4320
3550
3498
361
757
2442
1902
121
1483
3673
2835
4769
4469
703
2937
2149
4038
3820
1281
4094
271
1274
4823
4606
3914
2757
4744
3795
3780
4255
1628
4614
702
470
4941
3770
2478
1284
266
285
2842
2684
1657
2202
189
2785
483
3131
1505
329
272
3630
4417
851
147
520
1130
4357
370
3654
3333
4490
4378
490
4
2021
4511
3339
1694
3804
1662
1715
1197
834
3490
2882
2771
1419
1118
131
3870
1214
452
1319
1128
3415
2528
746
2236
2995
1278
2134
4160
2832
4536
3481
4469
4816
2550
3388
3456
1760
1700
427
1439
3663
1214
631
360
2978
2700
3806
445
4693
1799
1193
3610
4083
84
4038
2058
3856
2671
4646
574
1022
1348
742
3773
2688
2341
1140
2340
4049
2071
1216
2392
1113
282
2039
1964
2137
4025
914
3016
49
4066
810
4198
1996
4931
3714
1025
1087
884
1353
4330
19
1558
1303
4689
560
1674
1076
3170
4573
4367
854
4893
4857
143
1819
4803
2320
4826
3272
4993
2944
1953
3391
3448
414
778
667
3031
635
1221
1866
655
1753
978
1407
333
4360
2247
2982
4128
2678
2043
4037
52
4806
4113
4977
4638
1884
4536
2595
1349
3050
4363
4900
2863
647
4875
374
4718
3524
495
3011
3506
2849
1067
1977
1427
4465
4399
1182
4708
3701
3022
4585
177
2256
213
3301
1586
3514
2321
3716
1856
1435
238
3559
3720
2341
1901
1416
3681
2019
1774
2167
2572
2824
3045
712
2142
178
4678
2468
1042
2119
445
4400
4893
2206
448
3661
3923
4345
879
3686
137
254
3473
4314
4516
2606
2212
2997
3103
1218
3839
3660
4508
4259
2010
1309
2974
2740
3730
222
1090
4786
4069
2673
4921
2338
1061
639
2391
4306
1519
4244
1003
2220
4426
737
4523
1494
1998
3970
317
3537
2844
735
917
2440
3588
2319
3175
4389
2037
2217
2189
1777
4808
2852
1038
1151
1230
951
2468
189
2998
179
3603
2355
491
1865
960
1325
2837
860
1787
3624
3680
580
560
1978
593
3130
237
935
971
4635
3472
2319
4911
4856
709
2761
2731
2215
2146
2933
1632
1057
2868
4531
3265
1495
2276
2361
3135
2402
2025
1169
3558
4934
3308
2890
2213
4574
3923
387
1691
4746
642
3331
1300
48
4909
853
3052
3511
2688
644
181
3840
1753
299
4798
2400
48
2329
3967
3072
3923
4125
287
3748
3339
3668
3212
1671
2357
103
4367
4801
612
3055
4532
1457
2603
4301
4470
274
4875
4825
2992
3879
1789
2491
419
3006
1991
2284
1808
3131
3019
4849
2765
4415
4062
3810
655
996
2651
4985
238
4606
3516
2283
934
1765
408
1950
1577
986
3248
2336
4927
1778
4429
1128
644
3996
3582
1331
665
2666
3183
1646
1176
4074
2286
3321
644
176
3596
4205
3996
291
4569
690
345
1533
4936
4042
4771
3207
823
570
1549
3649
701
4086
4673
2366
798
2685
1094
2138
1235
3219
4392
2466
4124
1703
2587
2019
2899
3960
4015
1765
3306
753
2039
190
312
2827
2201
1404
1809
3358
3077
2240
1644
77
2964
411
1461
3587
3620
1936
2981
3540
2087
2873
145
3893
3474
770
1466
3774
2898
1376
2669
1780
1273
2275
3352
4811
2667
4100
4809
102
4620
1440
2076
1386
1386
2164
2710
1560
4051
3427
3182
4623
4050
3611
2244
703
4680
2990
2242
3824
865
1242
469
1528
3978
1432
3943
2178
1980
2850
4009
607
174
1670
133
3917
4462
4771
2070
4513
3179
4022
1945
4709
4215
2596
4774
1201
3785
579
1104
812
4468
1792
705
2919
2104
4656
3080
868
276
517
853
3168
2884
3645
122
2011
187
2305
4647
2205
3381
3735
42
4363
1890
2469
2401
4593
3913
3408
2291
4860
3145
3989
2252
3362
2106
4301
1081
2814
2790
1378
3709
3355
4091
3018
1179
551
3929
4526
3931
1537
4618
750
647
2981
2694
3802
2197
4061
3092
4099
907
4953
1096
2746
2403
4158
4070
333
3482
4843
1591
540
3028
1031
3630
3406
4216
1856
3923
3080
3708
3210
2323
3495
14
3201
1708
3852
2482
76
1132
2419
4950
408
1995
4031
2783
2522
3992
338
2113
1734
757
174
4478
3088
3909
292
4679
4855
826
2640
3596
2216
4679
1715
4566
736
1324
3394
897
685
1523
1813
4412
874
4044
3171
124
3679
1693
4791
3833
932
2530
64
2584
4414
255
3299
3604
4055
3869
4488
685
4689
1810
4050
1919
2104
1307
4118
4210
1279
857
559
4919
2388
2843
1841
4398
585
1883
77
4458
1434
1914
4974
2337
4574
27
4361
4464
780
1097
40
4793
3594
4340
4621
3324
2781
3559
4089
2376
1315
3258
57
3424
1942
4600
1241
1825
3717
873
1752
358
4323
2228
1334
1308
2717
3006
4256
3339
4207
1168
1808
4838
770
3874
1112
45
3252
4096
3777
4317
533
2346
2744
3452
3095
2175
3978
228
3487
1421
582
224
2472
4128
732
4740
3204
544
22
4859
4686
4257
4310
3822
2813
2849
1866
1151
482
4731
151
2956
2122
3210
2141
2395
129
1451
2125
4266
2734
3232
3813
4519
1896
577
2735
1136
4462
987
755
1476
1840
4533
2418
4919
3321
1299
4474
245
2286
1955
1339
1976
383
1904
2521
3358
3221
542
3975
3026
1824
1604
4213
110
2280
270
4522
824
3560
3873
4289
3508
4950
1713
4642
1199
3970
3000
3379
3609
2127
539
4360
1828
343
4962
718
4055
2169
4328
1996
2471
3842
1705
4353
2553
4153
2024
4832
23
4002
395
2244
2513
3133
4205
3869
1436
1949
3522
3975
2285
1806
4331
3417
2471
1856
1438
2553
258
1141
1827
4464
259
2391
1011
3656
3581
231
2622
4723
2888
4251
2624
964
438
2798
1334
3027
4554
1235
2662
711
571
4567
1772
1254
354
673
4952
1398
1293
1962
3892
3295
428
4474
2376
684
1252
3412
613
2662
4050
4471
4024
826
2084
4888
2143
3204
175
223
3787
1707
3448
1126
3604
1086
2130
3977
3272
1365
90
3442
3753
568
433
990
257
3193
273
3946
3564
1416
4139
3990
3713
1434
3372
4409
3283
1703
2776
3200
2558
2364
439
1083
301
1591
2619
2908
2903
2621
284
4232
2873
1234
3055
2311
2573
3438
6
3244
1282
4270
797
1993
2012
186
2901
4745
3480
2532
1973
3166
2552
483
3378
2274
1689
2474
4498
4537
1204
1339
2863
1715
4652
4527
678
1471
718
1229
2649
1866
2478
3057
2680
3924
4745
1728
4309
4254
2088
1852
1404
3502
290
386
622
512
1298
3088
2236
838
3514
1772
4872
4436
3455
1556
4408
2447
210
2236
4085
4158
2402
505
3949
1132
3833
775
1946
2656
4221
847
3736
990
2137
3542
177
2244
2891
1628
2765
2109
2814
2956
2664
573
1473
1591
585
1034
4491
4064
4918
2058
3923
4395
1748
1212
1630
824
2328
4694
4969
3547
4278
2675
621
3201
4255
2626
1729
2392
392
2384
4390
2548
2201
4921
917
4546
2132
822
4371
2567
4176
548
4575
1052
4166
1598
1551
1238
3913
3601
196
2097
713
4078
2628
519
2758
1494
3016
3604
3443
4310
3029
287
3910
1943
4043
2146
2285
1773
614
922
3195
2283
2055
630
1202
3853
2456
207
2662
1825
1415
1948
1436
1261
2003
4702
3179
4757
78
3309
155
995
229
3582
4588
2328
3516
289
3175
3887
2162
3954
2173
3869
678
1731
1195
1201
4310
1096
906
1563
2255
4512
13
4224
4036
4647
4441
3697
4722
829
1294
2328
3926
2740
3855
599
589
100
1782
3477
2525
221
1907
1308
1292
2831
266
1768
2611
4666
2015
2567
4003
4745
3249
4173
4354
4585
2157
4674
2331
1286
2023
3283
3253
3306
2660
1253
3631
176
745
4530
1789
4343
3203
2090
2151
3030
2231
55
4086
4676
3370
4741
2726
1172
374
2114
4694
1231
2806
1749
4133
697
502
1679
797
3049
1342
936
4485
2519
1539
2677
1787
2098
1459
1467
3238
4605
1515
4127
1159
4362
128
3018
481
859
831
1306
3086
4935
4354
4707
4208
4129
726
2923
4897
1068
4731
4152
147
4666
2517
4249
1908
757
3925
367
1552
4899
1539
1032
2684
1296
2294
2026
3105
1824
3190
1062
914
2346
783
8
3684
4426
2104
4226
4452
1522
1812
11
2284
509
4308
2943
3048
2185
2143
2480
4847
7
1116
2931
3456
3124
2596
3040
2087
385
2671
4392
4384
3065
3057
2124
4644
3992
3277
788
3744
4504
2431
2502
2091
2297
90
1574
2213
1193
2056
2996
1338
2788
1312
1465
4981
1686
2649
716
3017
959
4775
1999
2886
2812
4008
2806
1242
2158
2668
1451
4789
1530
3556
1818
2964
1348
3213
1432
258
1634
4300
1512
2846
2702
317
2835
27
3007
4937
2110
3128
790
2539
118
1736
600
4651
755
521
596
3278
1341
4703
3159
2588
4200
3522
4935
4698
1738
276
2773
2164
1591
3919
4939
3786
1105
3429
677
3081
488
409
2131
4890
4705
1836
2398
4420
4195
447
4313
4216
3962
592
1251
222
2826
3448
1875
3087
1688
4132
3389
4731
4487
4399
1391
3185
2233
1683
101
2911
1412
1804
4358
