1594 993
469
1180
2265
199
2276
2960
46
2402
2870
2868
1649
1613
1034
2548
1344
192
1139
2097
1172
1540
644
2844
2661
2264
1977
423
1744
2968
97
1041
2624
577
2409
304
1871
888
520
2747
2810
2139
2134
2452
1683
2219
2763
1638
397
439
435
2762
2324
499
1717
2706
1422
2304
1899
694
73
1141
2048
1350
2006
2349
1289
243
473
264
2372
2247
1514
714
121
2643
712
759
2850
81
633
421
2094
2839
2364
1644
966
2609
874
1466
1159
537
1499
2613
2666
1374
1970
2562
1988
177
2960
2266
247
450
1088
402
1755
1645
478
2539
2210
1125
2686
336
1500
2766
977
1612
1002
2203
2235
1471
965
757
1264
817
2767
2802
2860
424
575
765
1905
3
1406
1990
1299
1249
293
1439
866
2236
1896
2477
328
1485
301
1080
61
842
395
1768
1110
2747
950
1446
626
1427
2787
1690
2602
1885
2099
1600
292
2793
1297
127
1373
397
2863
2367
787
512
2405
1969
2842
1592
1918
1985
2725
2363
681
2904
1096
1843
1866
2386
2940
1910
2215
1525
2001
1227
1696
1283
654
1077
2123
1537
462
2948
196
736
331
873
2117
418
1133
2040
1125
2323
449
194
2379
812
2980
1124
1219
1224
2777
61
1904
256
2512
2325
2498
1645
1117
2674
165
1441
1445
885
2031
2924
2710
254
2347
188
2021
1528
2163
1417
871
837
498
2629
1031
2272
1329
2892
2553
8
1746
768
969
72
2854
2600
2835
903
349
546
1576
2512
1716
509
2469
1829
2522
954
286
1644
942
2310
1758
1392
2031
1365
2866
70
1334
2809
1197
2209
1221
1307
783
1474
2362
1138
345
2048
2564
2315
1468
2961
483
901
481
562
1977
164
895
1856
1775
2884
2604
765
969
2879
2431
1983
1620
2328
1347
2926
1319
349
2102
918
1201
1952
1299
2691
217
1070
915
2228
2906
989
2210
2974
873
2693
2964
425
1191
2373
1396
486
2283
2464
545
36
1185
954
568
1674
330
2425
2439
1096
282
2203
2125
2393
1539
1397
1057
255
56
1302
766
1661
1739
2211
933
2728
291
757
2022
2630
425
2484
2550
1470
1443
2819
1098
158
5
2394
260
111
700
2924
2073
2231
141
1402
2385
556
1817
2175
220
2015
1131
1731
1441
2511
2176
1542
839
351
807
588
557
2715
2954
2922
628
184
2593
657
38
239
1000
554
169
2690
1307
1270
86
2886
2909
1435
2709
707
2909
2876
436
544
1923
1435
1889
1509
1792
1008
1754
1135
2590
2630
1596
2055
244
2833
2279
867
2745
2117
572
2418
543
2658
2219
1454
1082
1093
2819
1371
649
1332
2985
2206
625
1395
2270
2913
1671
2424
2339
1071
1639
1938
1526
1951
279
2377
1007
1097
1904
2534
831
2326
2863
417
251
2175
2986
547
2732
42
2656
2002
310
1489
2987
1578
157
669
2137
2900
1517
687
2334
2993
1877
1775
848
1646
2207
1513
531
568
547
1549
329
1121
1405
467
1253
1805
1663
1806
2120
1365
1524
910
2986
2666
2973
2121
761
2404
95
94
327
2383
932
2996
2437
918
1747
626
1269
912
1933
1760
2329
939
1379
2094
2222
1209
73
1196
1869
1529
1602
2846
1081
84
1224
1916
954
1394
174
2279
1581
679
2207
966
2764
1857
2254
2472
1159
911
786
345
113
2321
878
1549
887
2177
2151
2805
2267
484
1046
796
489
2599
2467
1661
1936
2979
1416
2324
2214
747
892
2210
535
2933
1464
900
1247
2419
2344
925
2056
2013
1497
479
502
2455
87
2640
1718
2056
779
2039
2014
1817
953
2690
196
2160
1417
2411
1762
2318
816
213
576
282
1523
2002
515
2298
569
742
193
2887
452
1652
379
2381
1604
701
2292
2060
751
2236
1942
2052
1399
439
945
2640
1658
127
383
322
440
1167
838
1522
1769
2231
2608
2047
306
1393
1472
112
634
977
1375
2663
291
1289
980
151
755
430
485
1092
2434
2914
2072
2708
2549
2563
2488
478
379
2221
1764
19
468
1679
878
2070
2868
2425
2278
126
1514
51
548
2162
1186
2552
1063
2869
1963
1974
1291
1350
1182
2791
90
2700
1068
1701
1319
2654
952
1692
541
1095
1018
24
232
86
1509
283
685
1960
2386
1762
514
195
1161
755
106
1400
1676
1876
511
1898
2503
589
1580
2535
1478
2596
2941
1484
254
766
1709
2696
120
642
2289
1165
303
111
2962
2361
1451
2428
1971
1844
570
1775
1067
516
783
1054
2920
2892
1387
2468
2636
2819
1652
853
1188
2742
261
1178
652
999
1406
393
350
1914
924
2916
1830
2256
1233
2984
1921
780
2675
2347
40
1226
1446
24
607
2882
2999
136
798
2032
1467
893
1024
2992
1460
374
1453
1470
2047
2571
667
1290
836
2580
2950
1030
846
1705
2068
1095
2363
2514
99
1624
2490
1489
2706
2506
879
344
1981
281
1804
1514
1855
2984
2508
649
1623
882
1809
524
2533
548
1373
232
2176
1134
592
2978
1895
1650
1615
2831
1787
2436
12
2361
712
1076
1787
503
2915
2131
1632
1251
2258
2317
416
768
2202
1764
83
2435
1673
2838
232
1468
2036
514
2405
1619
1938
1435
2278
2778
1706
766
703
691
2823
2548
2711
1897
1560
2015
679
1012
658
873
1758
1573
2730
818
377
2785
441
1926
2860
940
2971
1370
1632
1222
733
431
1601
1926
739
537
1388
1018
873
2378
2517
2004
1031
1707
196
2527
2429
2497
1418
59
587
770
2779
969
2332
557
256
789
821
732
1652
2061
1945
498
1050
2312
2386
2142
2280
1642
296
1765
1760
427
2514
1380
314
1081
1932
1451
2351
437
2208
2176
876
2590
1302
2954
1652
1435
1045
359
1838
2034
195
1767
2901
1561
2733
2785
1443
1312
668
2781
1141
1919
683
1731
1483
1034
987
1124
2879
1680
2666
686
2639
1917
393
960
627
2229
200
1476
2360
148
1049
2042
2111
2227
527
22
1979
2825
299
891
120
28
1103
686
2507
1642
2279
503
1016
2048
1131
238
1782
1011
1165
300
2096
1453
2157
818
321
1042
1713
719
1967
2873
1881
4
424
56
2385
353
177
2836
1142
1171
2668
2674
194
912
2309
1087
2687
1720
74
1019
1446
1499
720
178
1575
1506
2740
1063
2893
2710
1010
2378
104
1917
2858
892
220
8
2234
311
1867
1469
439
1312
592
1506
2724
614
2042
1570
1124
139
2881
2927
2206
2479
2103
1253
875
2377
2352
2891
737
970
1135
2130
1239
598
2958
1962
2722
756
1446
2641
2280
2847
2015
28
2045
188
1587
1828
1126
2745
2794
481
2017
1509
1845
1381
378
2629
1642
543
2581
2495
122
1522
1436
89
1455
2646
1798
2873
1540
1524
1043
1676
2826
329
1304
546
2340
143
2074
2196
1855
400
984
913
1560
2175
797
639
521
323
1673
1420
603
2532
2491
1628
1638
766
1223
930
1191
807
444
82
2777
1153
742
1540
2256
215
936
1789
2063
1729
2311
1120
1117
1054
918
1646
1560
1235
2869
1055
2813
391
592
1438
965
2641
2385
524
712
1674
138
308
524
678
2794
2032
409
2203
1295
403
2527
910
501
2970
688
1065
1440
2595
2425
2118
569
1516
1624
62
1253
1729
2421
2430
2982
1464
2065
1531
2884
1433
557
319
602
291
2540
1573
958
1297
569
2008
2657
213
2190
1207
502
966
1351
1148
1798
914
1581
373
2223
1653
1581
1738
2845
250
1244
1300
295
2532
1083
299
1553
2350
2494
892
2027
583
2619
1082
2720
1346
481
80
1533
1643
2287
2839
1084
2273
2585
859
2599
1669
2234
1116
2429
1660
1143
2783
1675
1629
329
472
355
864
1001
82
2932
1862
1438
186
75
1328
1782
2343
1957
2329
243
1075
1590
683
2687
2792
654
1823
2057
944
1441
1943
1431
617
2461
951
1783
1920
2120
931
348
2613
937
1532
2126
1508
1080
625
1869
2524
233
1009
2300
2635
47
181
1492
2918
2887
1457
858
1204
2132
2116
2917
282
1736
1962
1870
1799
998
1404
418
154
599
261
2466
1150
1997
1131
498
1624
1728
2941
1821
2745
2940
1859
2706
2387
784
1828
2870
1634
737
1869
914
701
1342
706
558
956
2819
2178
595
159
2704
127
1054
2039
2815
1435
2569
1064
944
1711
337
1131
499
710
2284
2389
789
1144
2609
777
1564
2572
2091
2902
83
2928
401
1802
275
2962
48
1924
2164
934
1745
2478
2481
1945
1561
2455
1569
1808
614
88
1935
1698
2714
2984
999
1522
782
1407
1242
2891
340
1264
2514
501
1513
951
1122
1029
877
575
2370
185
914
833
1036
366
683
2684
878
262
2414
1062
1489
2562
909
637
67
2365
765
2849
1615
506
115
826
1825
631
2982
2119
2911
1443
636
2505
2524
1231
1017
2854
1150
35
1290
832
2973
812
2428
1242
2723
1849
2233
938
823
2651
2132
2686
1795
1437
1783
2181
1308
1369
207
2782
2752
2275
2726
2780
1427
1084
963
141
1558
2616
2045
410
2360
2124
2900
663
622
675
2139
47
1108
1648
1746
346
860
2478
1472
440
919
1911
671
1101
1595
1290
1163
970
1230
1397
798
2233
1902
1642
1318
2423
2367
549
433
320
939
2725
2928
2307
326
2536
903
1079
710
2227
901
2766
1428
1189
2661
602
1548
1622
1205
2943
660
2117
1194
850
2474
2415
1334
2762
899
2920
1475
1798
351
1972
1140
587
2203
2459
2043
829
1571
234
1722
2992
661
1255
1405
2128
715
2925
2363
1107
201
304
2245
2758
360
768
573
1411
2041
2903
2995
912
868
1637
1049
1794
276
488
2515
1477
658
742
850
1800
1327
1959
147
2542
2067
509
2279
595
2743
1611
80
780
1487
172
2910
983
991
382
2840
853
29
2869
1794
112
1576
1001
1897
984
1483
1544
286
1989
1940
426
662
1694
1839
2945
1972
2908
2199
945
769
1432
2074
2708
4
2082
840
2384
2268
1354
374
669
1625
1420
48
1988
384
1912
2316
2442
2946
1305
2329
2809
1697
1157
948
672
1957
2502
581
2783
2059
2716
984
2389
428
2987
2686
1063
2179
1364
697
527
2766
1422
166
2766
1723
841
1308
1807
1980
2351
1237
1863
850
2216
1949
1058
2737
822
1044
1667
1399
1529
2474
339
2053
2161
596
2203
518
1734
567
306
410
2965
2277
2615
1223
2161
1750
749
1084
2071
2509
2776
1382
1626
2013
2462
2165
290
2397
2357
1783
2214
1861
1324
2174
2084
897
791
1366
412
1637
1848
2322
2070
2155
836
2298
762
1000
1392
1314
1308
1373
2827
1458
1620
1428
1770
176
740
2578
161
1904
763
571
2147
1883
908
1317
1106
1216
2655
1223
2812
2576
1147
265
2715
99
1102
554
754
894
2933
308
1315
333
2698
2134
906
387
2805
587
924
2105
130
1107
392
182
440
462
1875
1927
2749
665
240
903
2921
1251
2926
2679
2165
2770
2733
519
57
2005
2289
1953
1656
787
1833
1079
1747
1392
1195
655
1206
1409
1020
354
1947
126
1954
872
1743
2958
1359
161
1552
2132
1828
1235
813
1746
1699
656
800
1914
2573
2512
2393
1837
528
1038
244
1299
2054
2819
916
2123
1330
70
288
1955
1062
1752
2691
1175
1110
1437
2455
717
2196
1892
7
2850
2185
1341
1158
2882
2577
2425
1974
1153
2433
772
2617
282
1110
2244
1955
1269
771
2745
1864
2940
56
2617
2910
1146
2904
1255
321
1728
2863
563
2433
402
1196
2966
423
2384
2408
2241
1449
1659
906
602
1017
784
163
2154
2666
1807
1105
648
1899
252
2243
1550
2749
1938
121
1417
831
1150
2786
1351
8
2007
611
578
691
1839
2768
1990
948
2503
1127
117
53
477
46
2848
1548
618
1434
238
541
917
2247
544
2366
1591
819
2955
581
1282
2023
2026
2764
2046
198
149
932
518
154
2464
1519
2259
1000
510
372
1488
2117
2015
2905
2374
1573
1269
2288
1834
2906
62
21
2647
1195
715
1690
1013
1130
2045
637
1810
2731
1369
2151
2544
1833
930
248
2644
2534
2273
2687
1598
2937
347
1132
2816
290
130
245
1631
1723
781
2375
948
2262
1051
2625
1810
480
1639
625
2794
2717
2414
1105
2481
2139
777
1121
2276
1204
2775
761
1893
1601
1972
2132
2938
1887
927
686
856
2348
2019
317
1213
2264
1150
2712
917
994
2461
2840
1642
2223
1228
1107
2006
2529
596
1164
2947
2782
1202
826
2386
249
2186
2377
1564
2654
2822
2467
1018
1618
1341
1772
894
2315
472
852
272
1796
2283
955
239
1308
781
2397
2182
1960
198
1334
2936
171
373
2965
2110
2230
3
2106
838
659
1109
1744
955
1625
2856
57
809
2775
813
1931
2644
2282
266
2517
2465
567
1839
594
2812
1043
1055
1679
2835
1691
925
2940
2161
459
999
150
2106
411
540
2516
1057
338
2695
2216
2048
855
2486
2439
2473
1107
2267
1671
2092
2274
2728
716
1391
496
2689
252
1414
1374
1371
962
1223
2409
2984
1899
2712
1865
395
1506
1813
1261
1170
1897
2667
2944
1131
1781
2937
2588
733
1751
2338
2636
1587
274
2136
1387
2484
292
1009
716
2528
917
42
304
1967
2919
1185
2294
803
2849
1210
1639
1116
211
1645
2183
1636
1785
725
2036
2625
2270
2574
650
2620
2948
621
2675
433
172
2935
2423
2815
1543
1379
1948
1934
680
332
509
1805
1118
1466
2703
2925
1124
2628
754
2688
1915
26
2489
1923
2791
1678
1057
851
1330
2483
540
1323
592
436
1636
925
2048
916
757
2939
2938
740
1929
2662
166
2605
1462
755
856
952
405
1441
683
242
1378
175
1187
1551
919
861
2239
2743
1
848
553
644
131
1359
2688
636
422
1999
1257
1170
2026
2910
293
2370
1532
2421
2782
431
1710
1799
1754
903
2600
1612
2781
275
290
2038
121
2190
1340
2164
1579
2083
2999
353
1781
1158
2772
2298
1149
1363
606
667
246
977
2512
2481
2361
1441
1555
836
2260
1305
1518
2319
2891
429
2487
2810
2012
2371
1810
1367
708
1199
2324
1644
2685
1549
2284
2202
2373
2736
451
1672
526
209
2408
2996
564
762
2349
2818
801
2360
1371
1968
1237
1057
2486
1378
583
1672
2133
411
741
2399
310
641
2211
2091
770
1577
2853
2497
822
1590
538
1349
2587
2471
2312
1712
1478
2367
2656
164
2609
601
1751
1788
903
447
1752
2976
1301
958
254
145
1416
1435
997
2519
1729
2924
747
648
2315
47
54
456
1788
2491
1444
51
1480
1222
2692
2768
2639
2982
2275
2606
87
2452
379
1426
2160
1663
873
548
1964
2209
1325
216
872
2820
2134
394
565
2912
501
473
1664
532
1672
1163
455
141
1461
2689
1497
2004
2631
777
1827
2781
1526
1765
2296
393
310
13
