5830 4431
666
7498
7884
8013
675
1755
6760
8531
426
9012
5498
5139
4754
1594
1741
3319
5161
9635
2712
358
8989
2078
864
622
2479
6271
882
9629
6580
2215
1804
9415
5691
5457
3103
479
2161
5472
6234
2485
8906
325
7751
5457
149
195
8019
682
5632
1115
1641
9786
7199
413
5047
7002
1763
8941
560
2612
1089
4411
9304
953
4020
9785
1542
8437
9342
924
8401
2191
9156
5949
4278
7737
977
3165
1819
1267
7611
5087
8752
3472
3816
9013
6910
4444
7644
2814
2414
3320
8046
1655
2879
9041
2478
3414
2956
5781
3891
8689
5805
5517
3466
4641
2152
1986
7572
9350
4172
2586
6891
6812
2067
4079
5136
8802
2244
2088
649
3436
7467
5300
8075
5732
8211
1016
9764
472
7277
6529
8231
4429
5021
9147
6470
3987
3502
9015
1967
5378
4476
2073
1394
1457
8233
3198
5227
9033
9372
1025
7296
221
8048
9153
1777
5876
4176
2930
5770
7768
400
5002
6646
2124
2073
6338
303
2367
8448
5853
5596
4533
5103
1484
6212
9340
9196
7305
9299
9628
4516
5651
9088
7809
4732
4382
7853
2359
499
8197
8585
5069
7968
8835
7193
6738
3983
3137
3681
951
2309
5251
4084
6306
8385
1025
8847
2483
9362
9083
423
5411
5781
6016
7952
9959
47
7817
796
3238
320
8451
4207
9149
2180
9847
9437
1293
1458
8090
9944
741
2045
4305
4088
1600
990
8202
9627
7425
8277
9090
4538
7265
784
6130
3120
984
3931
3664
3143
9273
2630
1641
3942
6646
6586
7765
3018
3350
7695
422
9035
9646
6987
7162
7222
8597
670
6407
2344
9359
3814
2785
8808
5204
2903
3263
4459
9717
5955
141
7315
2007
9588
2343
4501
701
3911
1792
2022
5916
8340
1685
8426
4606
8800
6843
6047
4305
403
8214
60
2526
860
7895
8278
8351
1177
3208
7249
1033
9295
7722
2012
5
3733
9310
5790
6379
1869
5036
185
7755
7561
5898
7991
3737
5714
1159
7127
6747
4913
8419
1132
1920
525
7148
5864
6843
8816
6531
3400
9889
1469
3982
8181
8261
59
5246
1402
9894
1997
6782
1911
8121
5262
3151
3825
3535
6014
7730
6166
2833
4571
1799
418
1270
4842
1343
653
634
5368
793
4114
2925
6824
42
9565
5777
7992
3791
6795
6609
6492
7621
4111
898
436
1692
6002
6105
5784
3110
205
6881
1682
590
682
2317
1992
7777
9530
224
7496
3741
9001
2581
5793
3611
2809
6289
8243
8755
176
2831
8056
2431
3868
3160
5632
3490
5291
1441
5914
1006
1895
4817
4153
6709
9195
380
7021
9034
7126
4298
3404
2494
6634
8772
5894
3647
2139
7168
9537
569
1063
6397
7749
6199
6908
3142
7581
8271
3802
9729
3355
4602
839
9024
1544
3690
4534
1205
3076
7107
9078
9284
5889
3687
1545
3096
9501
1594
3620
1490
239
4954
1568
1048
5848
7715
1912
2623
8931
1034
4587
8706
1644
7990
7004
8868
8501
3343
8565
4111
8142
7881
3621
5814
9028
9603
2677
571
3368
4242
3978
8251
9841
8832
5351
9585
719
6096
5629
8729
6126
8042
5186
1047
5676
1694
1205
1879
581
2154
8641
6420
2295
975
6490
7107
3497
5276
8273
3930
4903
3178
8988
5773
5364
8454
9281
830
692
5176
3822
148
8417
6292
115
6793
5744
7299
7652
599
7435
2400
4974
4180
448
9917
4148
4268
5520
1572
2213
5442
213
5841
6441
3247
7608
4757
2795
5351
3944
739
3026
2749
3010
1457
7296
5826
5829
6184
3585
99
8410
2994
8218
4168
5625
7692
335
3495
4457
9247
6797
1272
8896
3178
8673
5461
2310
943
9940
5009
1394
5611
8133
9635
1333
9309
3448
5369
1147
7352
951
1149
5500
5056
2239
2196
7725
2626
931
203
4018
8987
6972
3385
603
8904
9676
5678
1169
7297
9127
1262
7600
7597
795
594
1450
5616
3400
7536
9962
9364
5183
4065
8702
7214
7082
2695
2803
9621
2147
5063
2118
2409
1006
3988
8338
5360
1764
1689
7770
8218
5566
7277
4670
5275
3644
5963
1604
9517
8371
1920
4653
1380
6024
8210
8742
5625
7140
4593
7855
1762
7031
6955
4355
9056
2604
7512
3539
974
6820
17
3372
6481
1401
8832
4174
6635
5336
9925
9888
5373
8181
8213
7031
8283
5437
2164
2195
3728
9504
8480
6116
7243
5298
7830
6127
4359
9474
5126
7899
4325
7114
3302
7595
9731
8544
8991
2072
5577
1416
8196
5053
8090
2412
3875
2927
4936
7577
9554
3974
6724
7524
63
7861
6675
1479
4495
8382
3579
3336
6800
6955
9807
683
5833
8978
4196
9202
1587
1637
1255
5998
5140
3450
6933
5516
1833
1027
4504
5836
5557
2216
5776
4552
4910
1712
5728
6383
2303
2002
6719
6372
5901
429
9895
6287
2260
429
631
9097
8478
9405
5275
9274
5299
7098
2796
868
3224
974
5908
1960
9055
541
6943
2892
9483
1460
8128
6898
5762
5808
9428
9130
1330
4330
9012
2937
4451
4549
7484
8382
5607
9114
1746
5836
4328
7898
3964
8760
177
5719
5363
2232
5463
2696
9837
2934
3463
3389
4013
9088
1062
3218
4861
4870
2195
9813
3998
8988
1536
3851
6299
5256
2840
8661
5176
8816
4353
2962
5349
3346
3633
3137
7024
5731
5217
4587
1008
7497
8353
9108
8626
9633
5503
2519
1531
5346
31
3799
6182
5808
8092
846
4330
7269
2596
5065
1232
4859
8737
6089
6194
3529
1203
1892
7733
9655
2927
8686
7050
6350
7390
8897
6373
574
8854
5783
2134
3050
3548
6342
53
1012
5515
3024
9396
5328
2266
2435
5334
4902
1265
372
1268
2794
68
6572
866
6722
2197
5828
2447
5944
1724
552
5229
2379
1612
1414
8343
4889
928
9767
3531
6266
1532
7715
1955
5392
5428
7951
4120
5784
4736
6927
519
2986
9914
7075
4282
9631
1100
9382
7126
9330
7900
8740
6490
345
5180
5321
6595
2313
4653
4562
4850
4674
2899
1831
9401
2869
6835
850
4744
7667
3980
4770
2224
7033
913
7246
7375
7604
3331
6816
8758
1280
1628
9873
4883
9299
8963
5735
9832
2882
3881
7018
1027
2713
6246
1488
7603
4702
6212
9414
7042
2289
8277
6817
4600
5618
1730
7786
2230
9991
12
3635
4766
3589
2834
7471
4027
1637
9376
6650
241
8286
9350
3645
2943
1759
2101
6518
4650
4155
5824
982
3540
7020
8199
7018
900
2791
2588
8411
3868
1949
7163
4705
9073
5592
7011
3047
2239
3666
5758
4899
7951
3809
5835
7327
2027
4171
7062
4864
1839
3293
6845
9947
2310
9761
1862
3626
2977
5528
8351
4265
4612
7189
3848
7967
8574
4862
7852
7492
3701
5285
8212
5864
727
4232
7125
248
3529
8951
9150
1844
6880
8153
9513
8785
7693
9642
5588
3598
8338
2237
6667
1601
7538
2796
5966
5521
4327
3105
6171
7978
9972
7975
2353
2821
9618
1187
8560
8569
1414
1973
1312
9315
4334
1620
2069
7072
3857
8553
3997
3130
5661
5210
6131
7708
4037
1115
726
7100
2480
2258
118
5353
6855
6107
5969
4911
5604
6956
2093
3870
9834
5779
8093
9712
8270
8988
3493
3517
6213
8493
4490
9321
3798
2014
9502
111
474
3714
6769
930
9918
5773
1678
7059
1611
6581
2602
8751
2199
9713
8895
6336
6229
3954
479
9969
2159
1224
5025
6006
5686
9734
1166
7975
9247
836
6947
8
8947
2410
4968
6962
9646
103
4470
550
5530
1776
7034
8674
9045
5215
4503
4719
1000
5056
3889
325
981
919
5473
4653
835
4813
3140
2532
7108
4768
4337
4986
7160
2369
4882
7501
882
1379
7814
2216
6852
821
7697
602
1480
9932
1497
8042
8808
1137
4348
3007
573
5947
5315
2846
2820
3338
2284
9131
511
40
1567
5984
2379
2280
1879
208
8892
2284
2115
6823
9036
4195
987
4552
1074
628
4726
4072
6464
5814
7813
5811
9192
5805
4586
1322
8227
2621
5376
2813
3519
3191
5929
3511
4498
6588
9920
8482
9547
4126
504
2456
9387
6638
2501
777
2152
5386
4075
9539
2416
6926
7662
5550
6317
5659
9554
232
4745
9119
5666
9845
2516
2199
5516
8129
3218
4813
5018
4240
3605
9098
1801
5961
3028
3384
185
4537
9288
1078
9753
7132
2850
8750
5358
6387
3656
3079
3194
4222
4684
5718
8855
1191
1059
6542
7667
191
4306
2922
4336
8060
5714
7741
9741
3918
7225
4716
4389
4505
783
2278
5147
4227
9379
8794
9264
8060
3405
2475
4431
5526
1361
9805
8490
2100
3217
1217
7452
3834
9968
1789
5979
1724
3158
6596
3505
4093
1073
3845
9851
9800
3099
6625
2187
8395
3348
4159
6634
8982
8720
2218
1198
51
3321
7193
5766
2840
383
9690
1195
239
8330
7708
4432
8130
9309
1061
4529
2423
5513
3101
4584
666
1301
1628
4274
4661
1724
2470
3754
9227
1415
9474
2260
1489
1425
6843
8754
5562
6561
809
32
5133
7002
9995
6664
3603
6824
8427
4611
490
8725
3449
671
7765
448
7916
1734
9510
9602
2379
9265
8394
1887
7712
2842
8422
3776
1420
6036
2288
7132
4643
8520
5566
5762
642
3900
7567
5557
6132
303
8517
1857
2328
1996
5123
2973
3935
4811
6670
4309
8633
5635
3363
6275
1926
9040
9447
3504
8659
9747
9045
6095
2284
3275
934
3327
1049
4056
4622
198
187
8590
8863
102
4804
3865
1692
7041
7088
9204
9636
6096
6725
3799
924
5839
6537
6022
1296
4404
8562
3051
1123
6784
4580
6646
3263
3238
833
9835
3988
2647
8811
8866
5027
4146
3051
9559
6553
879
6327
9144
5963
460
2098
5966
294
3563
1006
5015
4973
9417
1405
7006
4463
1065
4826
443
1757
3839
3696
7497
1340
4103
6261
6188
1165
6947
9140
8790
2755
8080
1180
3002
8309
7034
8934
1594
519
2992
8124
4089
4898
6976
1573
1866
8192
2005
388
4683
6591
7356
5373
1272
8022
1894
1852
826
7106
878
6167
3074
4776
8894
2230
6443
7243
107
3507
1512
7751
4289
18
7722
6053
188
2211
7779
3279
5022
8280
6400
6974
3089
8641
8463
2649
6015
9174
9101
3886
212
2681
3020
4626
2486
8038
8119
802
5726
7102
5230
7419
2527
6831
159
4145
3876
5698
9914
2319
2507
9690
3469
8463
9685
405
198
80
412
508
516
4782
3973
5447
2535
1583
5169
3515
2898
5815
416
3517
6393
6270
3194
3116
7556
3767
4482
4940
2992
5467
6925
8436
8487
4539
1538
5852
2842
2791
3974
1431
6161
6854
4122
5522
4936
553
9627
4728
7631
5981
6479
6121
1408
9300
9937
6911
3919
9571
7797
481
229
7492
7396
8386
7688
7435
4269
4678
5088
9616
6272
623
3433
8005
4105
2656
5981
4070
102
5166
4466
1702
8924
9492
6236
6573
9532
6522
5823
5456
9567
8437
1708
967
4746
4808
9889
3229
4320
4379
5701
6879
3003
9864
2016
4532
2751
3009
8814
2935
8554
8439
6690
6675
8972
623
6344
4910
9069
9987
932
6748
3939
4256
7146
587
35
4677
492
6189
7643
5620
6927
6903
6176
9231
6171
4201
8518
5188
5824
468
6820
2432
2119
6250
9178
4691
4825
9471
374
2252
5296
403
4754
7282
8092
3633
1570
920
5504
7378
2498
4668
8570
8909
4020
2484
8309
9819
9095
9612
2414
5413
9721
9894
9020
2532
5149
415
3677
217
6656
5022
4446
8209
4705
1161
4525
1557
5385
5605
617
2520
1341
7898
7734
7293
5616
7652
8849
8318
1352
6188
7690
8466
4165
486
9581
1248
8864
9956
3251
8251
6382
4329
3272
8000
7339
5044
875
7699
4201
7087
311
4115
6827
3373
9217
2285
5259
7816
7368
348
6642
5308
7063
7440
9218
9258
5910
5378
8599
8421
4862
7049
9369
782
9697
7876
6903
633
6455
6148
9867
6084
2004
2823
6904
4485
1590
7990
1545
7083
43
5372
6460
7178
1759
6054
2159
6587
3580
531
447
7905
1562
3569
117
7512
7131
8429
1061
28
5310
6724
4267
5706
242
3097
4013
675
3917
2825
6183
6754
8375
7281
3445
4451
251
1368
5499
4547
7709
7087
6443
1125
2078
4240
3353
820
722
7981
1438
9409
475
1099
3716
432
5919
8079
3392
221
8159
7315
7539
6697
4216
5501
2738
3190
6598
4839
9992
4734
6583
4096
4298
9616
2915
844
6817
8510
2390
5828
7040
3531
7647
5052
1820
9026
5550
8751
5472
92
2231
4293
3900
6901
6061
6618
8693
7151
710
2021
8610
2533
7817
9932
3717
1501
3622
1268
6264
933
9657
8489
5510
6035
3280
1849
5827
6405
5569
2344
7391
7879
8721
6473
1468
4240
1657
1511
1939
385
5506
5884
6500
2826
2051
4712
4338
3823
225
150
7696
9706
3260
3970
7233
594
2083
1766
1441
9443
6677
5005
8590
794
4284
6405
2080
9418
1878
2985
1789
3155
6010
8782
1919
2154
9186
9456
259
4461
1814
4400
1820
9145
8553
9025
7313
7859
8939
2739
1118
1733
3223
3727
5527
6733
4689
3822
5656
9123
905
8922
9003
6185
5344
8037
3139
2319
2172
7030
6169
8601
5313
8609
5731
5379
5704
4436
374
3251
235
7145
844
2278
2625
2527
484
2423
537
5353
2371
8367
7683
5936
3912
8219
2642
171
6339
427
3308
9823
90
4791
3394
5336
6831
8170
3674
3294
3233
541
9604
9722
377
3147
9831
7888
9473
3619
8639
1641
9553
8023
3681
8526
4875
1903
7877
8758
9464
387
8112
9198
7706
5557
565
5283
3956
421
2992
7287
421
6284
3094
1617
1979
1059
1823
8460
4258
2398
4063
6819
8313
2560
1924
8756
2102
2989
8605
922
7065
846
1710
1691
3305
7591
2424
2350
750
383
2310
6006
7543
48
8727
5565
2616
7919
7146
4015
3457
6497
7836
5395
4897
2971
2327
1425
1825
7859
3615
7452
1114
4576
2762
6971
2316
6518
3071
8568
6249
1558
3758
4242
7509
5474
5497
7211
4636
5306
5498
8661
7768
5739
5323
1495
1760
9899
8314
9755
5818
4372
8499
1567
2797
4299
9948
2562
451
1216
5688
3929
7705
5293
2080
2305
4601
7159
6767
7553
9928
7891
2337
3315
4277
522
257
5507
3380
1956
9727
6585
1275
1021
8141
1297
283
9966
5971
317
4449
2723
1284
6083
627
1075
2560
4346
1397
8351
3085
1522
2550
818
3543
2433
4880
7375
9440
3099
1785
4233
7020
6069
6025
9421
1109
513
7468
2474
4108
9651
9416
2708
595
4924
1050
9514
2741
9683
3548
4471
9410
7697
4839
6010
5111
9997
3804
6600
3115
1621
6816
2015
1749
887
4120
5117
963
3574
8701
8830
2302
2536
7777
6510
4165
7065
5034
3032
2930
2147
7406
7450
1764
4153
1999
2447
2887
9764
9225
6961
5979
8892
6108
4687
8342
9958
6754
1705
9490
8624
4478
3764
9788
5245
4815
5748
5573
5185
392
9235
492
2415
5503
5894
8277
5437
159
5359
7337
4765
3998
2464
3890
9371
9807
4831
2169
1671
3550
3277
6837
4502
3117
2785
1267
1867
5825
5507
2838
7265
5634
1990
2936
8371
4878
6059
9670
5682
2913
9391
8363
1067
469
6192
1215
2702
5006
7523
8890
7607
9182
190
3566
6303
3414
1679
3604
4565
9866
1086
2978
707
1149
5190
4784
8470
3264
8657
4137
2849
1337
694
5156
794
4414
6225
3851
9651
4909
4828
106
1789
370
3149
9617
4560
3269
7458
80
5602
5108
9321
4737
6333
7602
4224
3237
3096
8117
6473
1638
9108
2477
2971
6080
9404
3060
8615
2913
429
7726
480
276
421
8200
614
5203
3066
9287
5752
7173
6123
789
9482
4484
7270
6575
129
7623
8948
3504
7808
2622
2347
1319
2471
3607
2225
2215
2447
4079
380
294
9767
9951
7149
824
4528
8587
324
2368
9642
8890
6693
765
8729
258
7716
8413
1450
7639
1421
9836
745
6150
3813
1232
6916
9286
5241
7498
1952
7604
8074
1411
9613
282
8824
1487
9364
5808
9628
4255
4948
3619
4592
3675
7149
8994
6587
2315
8787
5380
9995
1464
3220
2439
6891
7892
3387
3745
5149
4676
708
3998
769
9921
3843
3807
6771
6920
9489
7297
2792
77
6952
8538
2869
4692
7362
1907
1051
3637
7044
6154
1643
7107
3938
4815
2011
1679
146
6745
3666
4091
2901
361
2254
2504
8654
6554
8566
1083
9855
6415
2482
1854
3574
6556
6158
3885
3689
3035
4940
3435
362
3095
7230
8156
9085
6084
2691
3549
7408
2258
1092
4201
6660
2394
8089
6202
3278
6408
5329
9249
5007
4907
8217
7987
9985
792
8242
6181
5901
5955
7052
5223
4762
553
5934
9807
9878
4318
7708
9385
2057
3600
4136
9214
4462
7066
3215
673
842
2779
9510
7458
1407
268
975
3724
9681
1592
6387
7926
2532
3656
4327
3968
3474
1285
2668
60
5926
3052
4412
7831
1304
3587
2999
5828
5603
946
6944
5164
4418
2559
8201
2306
8086
21
1440
7597
6980
1092
7422
5051
8763
6583
4911
2299
9961
2425
3510
1564
9408
894
8156
6586
300
4745
2711
4070
5748
9198
353
5222
3277
7364
6939
6091
615
7912
6891
8843
5982
312
587
7837
3880
3835
6103
8955
3646
5250
4144
1315
5090
5552
2879
2191
8680
4546
3729
7239
8541
248
1031
4118
4329
7067
9024
2316
3387
7022
1712
794
971
3796
2127
7284
3293
2537
2184
4455
3322
3733
6306
3205
1135
7279
7804
8284
1069
694
6791
5948
4296
1101
233
4010
3766
4621
5350
6534
5236
4784
6535
5249
3252
6784
6662
8077
141
373
7123
8986
3269
6881
7239
8423
5755
6721
5282
7338
6513
1441
7031
1272
749
8335
7407
1824
3893
7169
9733
7554
3356
4920
1030
2824
9448
9928
294
3161
1449
6276
7182
7538
7063
9871
7153
8706
4680
2187
4759
863
1881
5949
2350
1987
886
9757
7103
4866
165
8447
4757
3990
560
1295
5305
4271
6237
6546
485
4907
3872
4297
8384
7241
4076
8966
9699
7445
4433
1334
7882
3099
4183
9688
1039
928
2838
1712
3267
1159
3404
7468
3119
1169
847
8677
4965
7781
6522
7414
7689
7893
3995
5621
3874
1947
3672
5223
447
3637
6441
2260
9736
3178
6861
9871
3672
5430
6851
7070
5915
9504
2227
8507
9487
3383
8289
5421
4779
7260
2068
8100
3747
8274
8216
3763
6167
9028
2109
1995
8364
3695
6965
9018
1216
766
5005
5933
4248
6885
4321
8871
5199
4278
660
7362
7870
6501
4251
3055
5996
6581
7568
3833
2025
4762
7190
7911
9267
3412
7117
1213
5323
6105
7836
6538
7520
172
4525
47
5592
4389
3900
4634
7840
9940
5948
8915
9481
5928
7912
7792
2290
4815
1163
6911
4328
6201
9846
9451
5682
3828
5192
3467
8589
3939
3032
9966
7798
7952
264
2673
4014
7502
9675
6327
962
287
1564
976
6127
4913
5126
8948
9334
7437
6398
1656
9561
750
1978
6645
3309
6297
6570
6866
1337
211
6056
3420
911
8970
8059
8158
8228
3101
6419
1011
8287
7409
411
9414
4090
8212
586
9278
3011
8509
638
1896
9153
1663
4399
2473
7209
9834
2904
9699
6166
1095
3151
3151
2333
5948
5748
5368
7528
1335
6905
7134
3743
5402
3217
9591
3527
6104
8320
2225
1256
8841
4912
5994
4230
4674
5674
642
1271
9387
2633
1869
6628
1988
7319
129
7188
7487
8112
8355
4220
5689
6298
1506
7420
3778
7132
9062
8374
3755
5505
1079
4530
5125
216
4418
9556
1980
4417
4761
4740
995
9045
133
1755
1426
8177
7033
4413
9569
781
2072
5310
2140
8612
1917
8937
5622
9513
6585
1756
936
4598
5060
9931
5046
5255
4841
9231
7827
6158
5680
8649
4177
6047
2118
8601
7853
2620
4667
7059
5531
8067
8120
8461
2423
240
442
3176
5465
1910
2409
1906
7089
8787
7306
3934
3377
632
9787
9138
699
9787
1983
7121
6550
6610
4137
7797
4240
1310
2778
3725
9516
9756
5541
7191
6389
5553
2392
3404
1889
9238
4853
3594
6752
5771
9778
8759
4037
4480
1818
1158
7105
8561
8659
8555
5664
8926
7782
7096
5555
5984
293
6119
8405
1835
1641
343
8478
9572
5937
6780
9854
9164
8178
64
329
4845
81
7387
3141
4544
1248
4134
1975
684
8930
1700
3077
5257
319
7948
4086
2589
9969
7759
7221
6170
7858
802
3277
2708
7396
7240
7756
6662
6744
469
5208
2323
5190
2192
8012
1704
1415
6600
647
4457
4242
1605
5641
8469
3857
65
7617
5221
2468
8803
3011
4129
5674
8481
5195
2569
7180
769
4211
8787
455
7832
2245
264
7111
2213
7185
9942
6474
6266
7463
3003
7424
460
9029
1281
8326
8999
5453
5902
4820
2011
2207
9151
7550
2558
7230
7845
1412
8048
9556
4634
6495
2500
2583
3534
5429
4064
6367
7763
6739
1257
5967
3551
4009
8312
8481
3184
3223
1739
7292
5170
8331
4842
6456
3256
7921
7963
3841
9258
4201
9501
7099
5489
2359
6105
9834
179
1791
1469
5397
6052
6564
8112
5697
6304
6717
8669
1779
83
3160
5297
9962
8484
884
2686
1938
2503
9210
1146
2919
2584
5589
7701
9064
183
5159
1049
2609
115
1291
8430
1165
7378
9757
1549
590
7868
8107
3986
9439
1606
2200
3314
6999
3460
8658
8219
7151
6393
7895
75
1866
8740
153
2182
2296
639
2233
477
2394
7151
5777
1035
1514
1749
7538
968
3977
4253
6389
6025
7153
1138
1976
5671
6074
2918
2272
1907
4176
6223
5611
3512
2766
5958
1276
1613
8663
2609
8036
3770
1790
9323
4068
2888
5119
3804
4037
8731
5187
8444
9400
6116
5431
3521
8605
6111
9282
8755
2324
8622
8418
7374
288
4541
1666
9002
6083
8373
5209
6616
2321
2546
8091
2549
4084
9185
2346
6460
4327
5197
2751
7552
1751
287
1485
5473
3392
2860
1275
1638
9362
5415
1830
552
2330
3347
6954
484
6039
500
9014
4081
4609
2159
7226
2603
1893
4411
2073
5994
9996
5501
9207
4516
122
4273
8333
3686
2312
7263
248
1511
3263
5400
4595
6972
839
4262
1842
9228
8210
6018
1793
3653
9949
3715
3040
418
2671
8674
9509
3579
7268
3108
2507
9391
1742
3428
6141
5629
9297
5429
6778
3932
7017
2782
312
2493
4865
2069
5942
721
2193
4658
9217
2732
970
1596
6936
5700
8572
7677
9974
8257
2645
5112
9018
5205
1020
2495
771
8046
8301
7877
5518
7223
9938
4018
9632
5684
4709
2551
958
4620
7699
1955
9962
9182
1212
1485
2869
3864
8525
1314
3657
6369
1103
4302
3147
3378
9336
276
4575
8139
9156
2199
4727
5443
5288
108
7392
4853
8254
2316
5466
4340
7821
724
9482
8252
4757
3904
2679
1296
4926
5902
6358
2415
1825
2982
8535
3717
3014
4180
4407
2462
2222
3717
8675
2182
7300
5014
8205
9009
7344
2865
3804
3707
2938
4933
3512
9678
7147
8259
6794
3927
2259
5054
1201
6373
6465
3545
5883
3983
4437
9650
1861
8494
6817
9166
7882
173
2637
5228
5548
7775
9195
3928
4057
5683
307
943
6292
9991
2584
2391
5273
4133
2625
4167
6322
2458
4962
811
2359
4023
1343
9483
737
3924
8447
8370
2214
1724
1248
5451
9309
5241
7850
1049
152
8162
4307
1137
8527
5011
2425
2637
4196
957
3186
3562
3543
4322
3881
1121
7614
9475
9277
8015
6735
8614
9816
8931
1828
4979
1646
5423
6823
2769
667
2436
3045
1833
2353
4936
68
7547
9968
9398
2423
8641
526
5246
3008
1709
2305
3185
1407
50
2212
5208
4376
4276
631
8928
978
983
5597
2874
2372
5739
4855
65
6018
5117
1466
2195
2309
5283
6522
3217
3685
8495
6918
8306
8807
3543
258
5695
7812
7365
6324
5609
6142
6823
1189
2620
9660
6582
7227
7616
175
9243
9041
45
9071
1174
514
3973
5336
3864
3769
6356
9041
9066
3517
7943
576
2477
4670
6690
1053
7373
1948
7194
8854
6437
4763
4156
8119
8139
1539
1764
5846
7721
4882
7234
7422
1975
3117
5704
4779
180
7410
4894
4679
9646
5451
3131
6062
5868
7881
9680
7911
2341
8677
5098
2270
315
3770
4303
9195
1067
7342
1085
1333
3545
3711
9122
9100
4456
6212
7733
3399
832
7113
6323
69
2092
3847
7915
9685
8217
3686
1529
1761
7407
8647
5218
4905
3119
4728
5166
3538
181
9603
2493
8325
9545
3223
3968
6649
3726
9287
8245
2404
814
7733
7657
1471
5960
9749
1340
2055
40
5911
7092
3187
6710
2968
2714
2092
124
7006
7929
2657
5880
6207
2662
5150
488
9203
8187
7924
8362
9273
3577
7490
7374
6832
9043
5795
1975
4970
1008
5477
8189
4540
5622
2216
4087
6327
378
1255
8049
361
8595
4832
1142
4126
2781
2137
8488
7296
8010
1003
2763
6104
901
4607
4075
3489
7889
9806
8803
4839
5275
436
2623
4372
3914
7142
3338
4760
1896
9413
8600
6261
6741
8876
4337
14
4441
459
7383
9802
390
8177
1574
3944
8310
452
53
3389
8490
9687
8163
7879
9079
8045
4614
1219
1227
4962
3067
1576
4989
7917
9692
8003
2276
744
2868
205
1650
9452
1034
2528
8167
4072
1192
3068
7269
2688
9467
5214
2167
5952
3241
7389
8397
3488
1410
647
954
8397
1088
6454
9435
9403
9378
4617
5204
7994
2623
5134
3985
7417
581
6664
4502
2842
3328
7420
2457
4893
6155
3312
2916
8706
5432
9944
8337
5420
2334
4252
4047
4537
3404
2702
4979
1982
7468
3559
3408
7108
8257
3167
5877
887
5650
712
1550
9487
5651
2827
3989
1234
8463
1663
3558
8268
4409
5807
9865
6358
1332
8476
9211
67
2759
7680
4118
5645
9845
7191
3424
8652
9291
8841
7027
7374
4494
7440
8406
263
4491
875
7022
5860
9296
4127
7404
6131
6501
6254
165
9043
969
962
4844
8106
1751
1387
4778
5908
475
8054
9238
5299
7022
531
8953
6605
8082
886
3305
7184
4623
3456
3749
2039
6345
5988
421
1284
6397
2821
1620
3781
2863
9447
7738
1649
5527
8207
7865
9670
6113
7932
4080
7693
7270
2515
2678
5212
3140
8394
5075
1651
1115
2978
2762
6000
7513
1786
8912
6881
7170
3450
4449
1753
9575
8200
3546
8597
9041
6832
4710
8310
8706
5693
231
3177
3932
6469
2536
9922
9126
2696
8854
2156
8248
3230
812
521
6549
4428
7702
2265
3621
569
7955
9311
2934
6990
3995
3410
3886
3335
9378
3002
491
8934
1839
2358
8361
7361
1130
4207
4166
9022
1063
1101
509
5926
1948
3227
3858
604
3827
5339
3941
6065
5418
8251
3808
7598
5863
338
9686
2414
888
7257
6779
4409
5740
8536
9570
8771
404
3414
4916
2266
8632
5719
644
7899
9030
4633
7517
7480
738
291
4699
8189
7610
7051
8333
2872
6715
3270
5081
1800
280
1698
1454
2241
5286
4980
246
2619
3861
3378
5388
9170
7492
8093
9798
3969
2640
892
9493
5686
8007
5671
4145
5362
9961
8096
5571
3309
2394
7182
3256
4828
7603
6054
146
8929
2186
5052
3588
8306
4912
7508
9706
570
5318
9274
4712
466
2361
6286
2037
3590
1549
7821
8833
1905
8339
5878
1622
6191
1269
6182
7057
6174
3756
3388
6114
4149
1347
189
5978
6278
6346
7344
3822
8655
3535
2509
6992
4428
5449
440
9292
7861
9338
4653
8571
673
8469
1168
5181
2250
243
3157
8673
5749
2224
1542
3820
6327
3729
729
450
988
5950
1601
1159
4296
3577
560
9457
3455
7885
5258
9089
5327
7645
4776
4682
7613
3996
6172
9538
4871
7519
6026
8888
5766
5700
6817
5192
2022
2208
4599
5997
8289
3252
8677
7217
9382
2406
2136
4546
1230
2809
6588
9933
1113
2776
6986
6593
3232
8157
5655
6026
6847
7125
5589
903
5968
2581
4880
3596
4079
5440
8845
7692
2233
2395
7652
8117
9223
2292
2417
9802
3699
1330
5615
8195
8072
3319
5099
1741
5974
4115
9049
3908
9654
191
9984
3725
2019
8354
3888
488
3589
4744
9016
2625
6278
6150
2752
8089
9967
9842
2683
5428
927
738
4980
491
2511
7899
3129
3796
2521
8896
8530
1720
283
7985
740
140
2057
6863
4847
9771
622
8979
1404
6670
3927
6062
6293
902
6082
9302
4047
8903
9603
5077
4624
6260
1194
3445
5836
4214
9996
5988
8084
5049
597
1721
5433
4232
6414
6455
4197
4849
8757
2443
3127
7065
3758
3721
5104
252
2852
5096
286
1683
1224
3114
2361
5536
4644
8956
9608
2101
5099
1546
8530
5762
4236
4100
1945
3500
5505
6012
3622
3364
8407
767
5076
5815
3889
8170
5426
4082
8929
8641
4773
2958
927
8687
4172
6919
1732
9783
8705
7399
5129
9248
3543
7682
6060
7631
9323
524
870
5870
2082
4644
3917
9825
2701
8910
842
4454
1283
7854
3923
4414
6517
5492
2003
8435
9237
732
550
7414
1851
2397
5948
8781
1631
3700
9127
4696
244
9210
4383
8611
5081
4836
9463
2655
9653
6379
7830
8286
1333
1766
6016
271
297
8526
1058
1915
4679
2385
581
9771
4171
6557
1843
2949
9108
9341
4212
4381
69
609
640
4747
6156
4733
8744
9372
9284
8139
7456
1860
9199
6910
4637
7030
5899
2748
8849
9093
5046
926
1149
7010
9499
9663
2305
8425
9030
7778
6865
1060
7516
3294
7483
8280
5589
5311
3448
5109
8988
694
3822
5786
2273
5382
3156
2316
1462
2344
1786
230
1515
7790
1169
7830
8013
8291
725
5138
1113
1279
7012
9735
1926
3326
9717
7151
1355
5937
5516
947
2402
9623
9054
2169
3990
9332
6632
3649
5911
9108
9079
3136
5821
749
5174
1295
4240
598
2
9278
7624
4107
6087
3146
2122
8766
973
3567
7287
299
8202
2871
4449
2919
9250
3808
4592
3962
9592
5806
5510
3634
581
2826
3917
8039
642
9155
402
4428
64
4949
261
1871
6711
5620
1885
3785
8735
9211
3475
5008
908
3719
4249
124
4828
4540
5359
9466
8852
7430
9498
8565
260
8538
4356
7710
1602
3687
121
3746
2305
9446
2986
2312
9905
8694
7024
7318
7547
342
3885
5914
2815
3144
861
2296
292
5709
1322
6923
6373
1906
9843
8925
366
3150
6404
7145
3542
6024
7467
8386
5935
7171
5862
2535
4845
3488
9048
1309
5362
7761
6212
7103
306
587
6892
7798
8420
3767
7441
3124
7164
7480
85
4511
1239
9968
2875
7792
4588
19
6373
2125
1249
7174
4844
7696
6151
4836
438
3509
8076
6685
8953
7598
3172
6255
4955
8897
3861
4018
3284
9353
7215
1656
8284
9363
1794
1910
2695
83
7993
6587
5376
4064
4796
9334
2559
6126
3725
2177
6521
9865
7208
1480
710
752
4612
5107
1967
4199
1140
5479
1150
9113
6477
4832
9080
3300
5668
8056
8192
3548
895
3585
2739
8350
1480
4173
5060
5901
118
2205
8953
1456
5757
288
6714
1336
17
8841
6317
1882
2087
1892
2697
9793
1875
8206
9833
526
8024
2598
2119
7130
4379
6172
6899
7204
8563
1291
9555
7857
439
8272
5791
1016
7219
4539
7589
5327
9549
910
2872
8776
7674
3850
9030
3280
5362
936
5891
312
8030
1160
9386
4693
9822
2695
7287
2268
6589
1451
8112
58
9806
1555
3177
4021
2766
8337
5329
7382
9506
9513
836
244
9268
7071
9274
521
2016
1554
9931
4738
1993
9506
8541
719
6528
1079
486
9281
2212
7287
2343
8696
3338
8971
3617
9348
1586
2742
1504
1019
7473
3630
9467
5883
4299
1799
2618
5028
3170
8645
430
8519
2163
9634
7958
1207
5646
717
6743
1074
7951
7645
4064
451
3670
2864
5865
4504
9401
9913
2696
6478
6267
7033
6644
6065
1339
8334
8835
331
9582
5780
4215
5888
6196
8244
1768
4771
5391
4881
1838
3874
3854
557
6932
1282
1034
7437
1411
421
136
2166
8166
1300
1671
5327
5275
4272
9595
3702
2288
6365
9651
5703
8126
9554
2286
2599
503
8922
2541
8628
9300
1947
6066
9849
4054
6674
855
6949
2558
830
5746
879
4735
8574
8951
989
2574
271
7827
4452
4399
9822
7663
8784
4782
6737
4957
8756
1472
6556
5228
7224
7978
5542
7332
389
6580
8329
3896
668
7123
1197
9235
308
3901
7904
3174
1411
7172
9099
7660
592
9607
3429
7078
725
7435
7265
6523
7201
3871
7627
2018
68
9954
7172
4392
6945
8266
2292
3946
9578
4714
2236
5807
1273
6180
4051
8296
4966
9097
877
6327
5645
9795
9180
3864
4522
8947
8740
9208
841
3602
1029
2283
5125
3826
1205
7305
1712
1019
3537
8039
9853
9629
2988
7198
9724
7677
8287
64
64
7590
6429
3820
7862
2195
521
4858
1690
9847
3786
2933
394
2839
1656
2855
8878
8317
1772
5684
5431
6411
1991
4216
8079
5346
8467
4171
5204
3875
7436
7678
2226
1780
3743
9452
7536
5768
8458
6176
7740
505
4354
3763
2164
9301
7676
5974
6768
1267
4014
6837
7177
8182
4998
1824
3238
5615
6891
2173
4174
5657
5607
9274
4164
9211
232
2842
5478
1068
6640
6656
6923
2398
8102
8027
3190
273
2987
3526
9160
8942
3627
836
7754
706
1244
9360
453
7156
1463
5153
3243
2557
3631
6168
3872
7220
5827
4303
7606
8573
362
1344
1217
3485
1855
7091
8782
6326
9867
2567
7807
728
9738
7484
1737
8438
1107
4847
1483
8955
1734
2553
7262
8229
1187
906
5714
2166
1888
9650
679
499
4522
15
8586
2678
7113
7803
7441
9794
6836
7136
7821
4146
6106
214
3139
1350
8468
3750
6984
3167
9540
4450
7315
3152
6626
4093
9533
1506
934
4428
4151
1087
5531
5736
5492
8416
2656
3598
8157
2956
6692
1363
162
5246
5633
1883
9720
1316
8963
9436
5524
2607
4502
9873
3582
9554
9490
5024
2759
3732
2192
2537
3178
369
2160
8470
8659
6343
9195
1266
5099
948
9758
8852
9619
9331
3198
7496
919
4506
9679
1170
4353
9860
4095
3284
8091
3567
726
1088
529
1153
7969
4289
7733
6408
328
8713
1108
1085
1115
8392
4674
4413
7314
3375
3318
7045
1820
8837
4420
4731
5291
4646
6936
2986
3293
4212
2356
9605
5592
973
8811
528
5848
8872
2876
1020
6848
6175
7430
7125
268
6452
9984
6864
236
5832
4717
808
7128
6011
6362
2777
5654
66
2245
2814
8782
5062
4883
1977
4267
6653
5546
6556
1691
6223
5140
3962
7111
8499
3343
3793
6853
4571
7656
1781
7812
2515
8127
6603
5165
909
168
6716
9833
2749
797
6859
2744
2089
3581
8710
5146
9175
4780
3214
8479
3324
62
611
1712
5016
4479
9338
2359
8957
2056
4430
1778
9657
8728
6117
8496
7574
9009
8186
1585
1287
2465
4828
1209
4520
8033
2619
5838
3216
8818
7941
5961
9903
5837
8103
7028
547
9451
9120
9571
2987
1888
3416
525
9271
3103
4229
5655
4501
6916
9654
1272
8231
1039
726
1979
6867
6669
4587
6857
5446
3386
3688
6126
8563
8116
4967
4740
4232
2167
2892
4667
2962
4176
6951
8516
1271
5268
6852
8895
3827
3498
7654
9239
8330
546
6568
7123
9374
3809
4082
3005
1678
790
3804
9498
4305
925
9218
5294
8410
8397
6185
6359
4527
629
8863
5899
6891
3223
4131
5272
2452
7318
6999
5627
9289
8322
2699
5043
1655
1592
1894
7453
7795
6093
4783
7248
8483
8722
9939
318
2533
1618
800
7128
4755
1381
9318
3302
8396
999
3981
6041
73
2891
976
1623
89
9860
9696
7104
4473
1794
100
3525
9481
1297
1861
4128
2165
4591
7332
8973
7112
3090
9397
1513
4890
1131
5278
6837
66
1223
992
9375
9118
6309
2509
7171
1821
390
6897
3846
4703
2520
4260
9156
5733
2528
2461
7225
3908
9562
6252
3263
2721
1211
9188
6478
8762
2644
5677
8297
5482
3182
5668
1403
1618
4513
1304
126
6087
8236
2507
5751
8446
4784
2837
9073
1160
5237
2497
5537
6948
8069
8209
7268
9014
5121
9727
8849
1859
2657
6334
5539
6103
1402
9038
572
7964
3184
1972
1837
5917
4927
324
3598
7309
3970
8836
9648
2080
2405
518
5363
808
4533
6858
5354
8808
7562
9807
4818
6066
5148
9587
8075
6124
9726
7598
324
2607
8275
8123
4196
4235
7060
8058
3371
2855
1176
8685
1461
1396
749
4715
6523
2308
6089
1956
4297
2185
2003
8459
6520
5074
7001
3649
2849
8623
5915
3618
5099
1649
6177
7439
3120
4862
4927
2255
752
4212
9441
3329
4549
7270
9950
7772
4391
1010
6440
6797
4371
5639
9013
5043
680
5439
1049
6697
5212
8004
1736
5796
4653
7362
7508
2730
3484
1064
2896
4814
172
3846
9859
6554
1356
579
9878
4577
2749
4050
5838
4128
4377
1269
6903
3454
4327
8316
1500
690
100
3726
3577
5265
1699
4616
9547
3950
493
6625
6551
6121
3441
6499
2566
5544
2379
6162
827
7770
2466
5413
2211
5540
5618
1002
1616
5420
2587
6859
6746
9901
8387
316
8558
1951
7869
4220
2292
6210
2509
4477
1593
9770
2948
6294
7616
8657
9503
2861
1759
6158
993
4595
8410
9331
9813
858
880
7906
3535
4275
4557
9195
3463
8680
1158
6280
2995
8181
3152
8756
313
7852
9489
3896
4421
7001
744
5429
2039
7342
1555
975
7676
9701
598
1853
5968
256
7618
9618
5124
7547
4650
7013
2976
3699
5337
1240
2710
1872
5281
9922
7816
8988
4895
4097
4273
464
9003
3808
448
6714
8278
4989
9900
9942
2764
7325
1178
1357
7619
1608
9186
1826
3654
8094
792
3108
7183
9794
9370
8117
4530
3063
9223
364
9820
2977
6505
8196
1291
9610
2772
4932
1439
9470
5040
2555
2380
1140
387
3446
6455
6980
7498
480
7446
927
4142
2673
3055
2646
1299
8195
43
8467
7631
3472
9558
1268
4188
1146
8752
3210
8751
7986
2264
4004
3239
9130
2179
1626
90
7355
674
4705
4919
5808
5875
4915
965
2657
8233
1349
5344
4746
3482
6243
75
144
5377
5573
508
2609
77
8440
6640
2894
6988
4156
6008
6362
3074
5305
972
4924
8230
2522
4602
5423
4867
2284
2442
565
1088
1783
7768
1601
1883
5176
4023
1400
8957
7697
4388
9321
6662
8744
7718
5459
8142
1992
5644
6202
3207
614
4505
8497
3194
3958
274
9296
918
9703
5735
5190
7740
2963
8447
5523
9149
2575
319
8842
3603
589
5680
5710
2674
5530
3494
1841
8846
4445
467
437
8132
5105
8482
5467
9701
4438
583
2458
2958
4642
1913
6941
2249
6218
3394
4864
1174
82
7558
3592
7196
5875
4919
6304
4985
3767
611
8900
5124
4538
879
4668
7130
1131
6497
2847
170
1501
517
8379
6614
1444
4074
9464
7288
9707
602
129
9595
469
2925
7760
1918
8008
2655
1318
7993
9799
8439
8339
1209
458
1241
6725
656
4995
6374
6895
2772
4117
4901
8000
5843
2138
671
7545
344
3296
4213
1464
9189
402
4462
3459
5723
2
3358
391
8326
6393
4374
9626
2873
7476
2579
4468
3917
4588
2538
2762
3164
6105
8949
9433
6950
6968
9018
6312
412
8776
1996
8052
3886
4191
9789
4351
576
5780
8880
9497
4431
10
1815
6718
3751
7726
1094
8024
1592
493
7332
9192
5473
8651
902
3330
9995
9654
4009
6719
212
454
1158
4423
6430
3512
6275
4743
2439
4121
6508
6015
6036
5294
5855
3558
9681
2831
7509
1432
8672
5570
6283
3258
7547
6932
1722
8900
2579
2377
7014
2323
8896
1062
7462
8681
6665
8101
7638
1209
8026
9203
6563
6963
8510
1810
1656
3377
6049
4383
2229
8692
2444
8023
2305
129
5452
5840
6871
5615
1005
5487
9989
2346
281
8051
2680
7644
3457
2433
2012
1765
3310
2757
4590
5397
7095
7982
522
6772
3141
7271
1316
9246
599
2934
3856
2884
2239
9801
5151
5556
3840
6951
9764
6027
1574
5220
5352
3894
5242
3372
6438
7567
8781
2811
3105
9976
6023
7278
8669
3586
4506
866
8294
7860
476
7278
2035
7369
5957
1708
9609
1440
2841
6510
7540
3272
7614
4692
9877
9747
4220
3800
2819
2168
6479
4048
7923
2691
7516
1609
3688
3563
3322
3050
6772
3919
4446
3417
1628
7083
1938
5941
5532
5296
6278
9573
8572
6574
5623
4253
8917
3138
9166
7222
305
3292
3769
4755
4046
9749
5673
6959
3703
802
1776
2109
8881
5147
6414
6067
1095
3106
4325
507
489
2826
9628
5839
7052
9244
5457
5040
4123
409
1889
8347
9132
2164
8878
5380
6126
640
232
6248
4230
6997
8442
1460
4539
733
4471
7740
6505
4071
1865
3258
1457
8403
8661
7638
1189
4916
371
4572
183
1026
2309
4646
911
5372
3198
3691
8500
343
5219
4407
7719
8466
8683
2246
6531
8871
4659
7669
4419
1169
2965
7232
4018
5760
9905
3005
3475
3343
3289
147
7188
9198
7181
3885
341
4270
5335
1527
9794
9720
7485
694
808
1971
3042
8773
6411
3720
890
9206
8709
3198
4993
87
8620
9324
3494
8473
1159
7489
3586
7574
6324
7419
7442
2638
3395
6918
1923
8163
7097
9063
117
3226
4258
4318
8653
1803
6229
6766
5980
693
6337
6646
2850
2629
8912
1222
3399
6609
1908
6906
9371
274
3874
6917
9195
775
6933
7563
191
5275
4702
9799
5730
748
590
766
8659
4693
1071
7616
8832
4812
7062
5820
1789
1459
7146
8948
41
3252
9665
2396
284
3715
8547
21
3323
6924
4768
8657
7296
8491
2422
9372
4660
6613
4417
7197
4632
7395
7417
9188
2734
1420
2108
8005
9498
702
1653
8701
289
9499
5703
6969
5795
213
7133
9438
8738
9913
5169
417
1407
569
8478
4281
3016
11
469
1106
7004
3300
2338
2329
9801
8843
6766
8671
2444
7855
1391
9379
9838
3410
9875
8085
4019
9077
3463
9456
4266
1189
4822
2921
9541
1151
1953
6280
5628
9397
4315
6351
8510
3931
8485
4834
6555
8667
1950
1712
1462
8726
2554
2236
2976
6432
7056
6191
6030
7108
5703
4041
4157
3207
4228
5747
7177
8138
9809
6755
8881
3174
784
6715
5629
6498
9926
9895
5622
8984
9691
9728
1617
6473
2264
1214
4718
9562
3787
4536
690
4449
6963
6866
2233
8806
9541
146
4604
5659
3500
4247
8421
2580
5068
3244
3046
9298
3782
8950
8574
1137
7580
9346
1312
9756
4323
8924
349
4234
104
5290
4976
782
4228
8247
9668
6553
5871
8756
5042
3638
120
154
6752
1812
1542
375
6107
9964
2693
3952
4901
4919
7156
6581
5663
4979
2042
3312
7319
2920
1574
6937
4832
6888
602
3993
1404
7066
7006
7862
9518
3966
3150
7584
5710
377
5255
5859
6293
1573
3108
4051
2114
7270
1241
7227
9125
7637
3134
9960
4552
4476
6517
7971
1508
6550
5886
1168
6189
5316
6602
7180
3496
8278
7762
8393
8828
2668
1139
9473
4701
1595
4388
1692
1981
9434
5212
7303
2379
7771
1683
5081
4109
9201
3431
1870
8423
3805
466
5770
5263
3902
5803
2196
268
2329
5698
3356
8573
9761
5893
5512
8521
8707
3728
3124
7898
7600
7235
8525
8473
4513
2181
4153
256
8633
3601
8362
3528
553
7520
7328
4664
2307
2318
4030
6101
1964
4713
533
3478
8451
7579
4075
5541
2450
1910
8327
8394
2023
2426
3821
3231
4741
636
1240
901
5057
3920
5989
2177
9521
8557
5406
6175
7123
5933
1853
2145
5704
7595
6776
144
2502
7904
6148
1640
734
4863
5349
1759
9608
5964
7887
4904
835
7749
3955
6420
5755
4887
943
5511
7570
7262
3019
1900
8262
5475
2832
8096
8923
5754
7419
5133
1127
2198
7465
6299
206
6056
4059
6817
4990
161
7780
8094
2530
9163
9104
868
6974
8816
7205
9343
4356
6670
1976
7469
6137
2220
4620
2616
4631
2379
9113
1746
9703
2090
6159
1123
4458
4700
4311
4832
5072
455
8552
6929
7875
7780
3986
564
2627
3231
2973
8556
1347
4659
5124
8891
4822
4742
5381
5512
5852
167
841
6675
7702
5878
9212
6358
5097
4777
3531
7531
2053
5365
8919
2492
8292
3151
8357
5066
2705
4455
8366
2008
6187
2762
511
8017
6185
218
6359
6677
4615
8621
8086
1547
8851
1598
2682
432
657
9887
8706
6277
9924
5392
1973
9515
2735
2932
2061
5531
6440
6405
9433
2937
7415
3300
2463
1656
9
7161
1979
6780
2538
5922
5175
4338
8523
7776
726
7489
8368
8921
7799
7368
9448
5850
5932
7328
5951
1421
3324
5448
5172
9573
3440
9890
4531
9836
4578
9311
5067
4620
2496
4722
8013
364
770
5689
3350
6895
8409
7941
3779
7542
5565
8468
6606
8660
9930
64
5851
148
2712
8763
9956
5201
449
3145
8416
5948
9627
4559
6204
2805
4176
6843
5001
6366
1540
5088
8062
6539
3309
7025
3220
499
8792
1174
9532
8077
9844
1125
4963
5550
7750
383
8890
9659
6191
1644
7109
7319
1379
5048
2369
169
2019
2896
8418
56
8989
1942
4563
3241
896
6363
4136
9749
5954
4708
8915
5368
9160
6901
1011
8715
3215
4060
9173
4016
1223
5442
1924
2159
3323
6146
633
1934
22
3768
1130
9412
4446
6529
8212
4027
8718
3536
8252
3420
6273
5758
6885
7436
9879
4758
1574
2184
2076
2669
8883
3798
1371
8653
8925
4932
9328
3207
1192
5059
3974
5965
7544
3996
7225
5838
6356
652
4364
4664
2605
565
3200
9430
9366
4385
8465
265
7859
8836
2117
5852
3491
3956
4471
7910
762
8415
1199
7475
8333
4656
1805
7856
8810
9231
945
9284
4072
1533
2218
4997
3417
6760
7306
6354
6916
1034
1827
8697
2577
7845
3210
61
2095
4014
8391
1334
3835
9073
8149
628
2385
6850
6454
2671
4612
275
3013
9317
2140
6376
4009
2500
7825
5514
3594
904
9038
7374
8338
5787
6908
2691
260
5967
8379
8427
5349
2999
5834
751
3194
2942
7641
3086
6298
3256
6567
441
2279
1898
2245
8503
8139
9468
8463
500
8214
5568
6966
2975
8909
2737
1581
6257
6807
8274
1309
7121
7511
7929
8616
1691
1455
97
1266
875
8098
3595
8231
9206
9841
1873
4405
9864
2812
7130
5893
3601
9607
6438
9933
328
3079
485
7046
7995
4304
2895
540
1237
8888
2574
1440
9873
5371
3613
8168
5998
7503
2074
6695
4788
8033
8220
1624
3760
7936
8268
3885
3787
9046
4840
9911
2145
5159
8235
7759
8152
2043
6517
1565
9065
8515
5813
9546
1666
1840
9920
6858
1144
2081
1520
790
6276
2555
4187
6769
241
837
2847
2559
1804
5607
91
9827
7595
5415
1242
5552
4077
2758
3559
5577
7181
9923
5463
3100
8801
6255
3057
1279
5993
1894
984
893
352
2787
7304
6684
9218
739
1644
4366
5682
539
8394
264
2492
1281
2851
7119
3589
8887
5497
9072
1770
1898
5286
1471
8679
8468
6009
3612
3757
2612
4291
5332
7572
5254
4283
8514
6268
7047
2896
7928
2077
6063
2867
9623
8420
3620
5801
599
428
4500
7583
8162
5147
5527
7513
7878
2981
5669
5672
3068
9148
6162
342
8398
3221
5261
5798
3275
6113
6415
6946
4730
8412
3577
9696
2781
5814
3021
7780
6254
6762
7884
7942
2629
2483
2543
5874
9376
9601
7161
6457
5638
2810
3924
177
4950
7733
1693
6156
1631
8827
3604
3904
3655
859
6269
5432
3206
5975
1134
6244
6265
7777
9804
4055
4696
3707
9942
4132
7202
2918
6076
7517
9842
7179
7458
5794
6627
1689
9970
2838
6912
3713
1125
9306
8386
3124
1160
410
3563
7039
2042
7489
8608
3326
2421
1620
7534
5623
5907
5128
2464
7357
2982
8620
3434
8803
1774
5729
4664
381
8184
929
355
5884
2679
2797
2642
1068
5545
3311
9793
8888
8679
4983
50
1654
3869
801
8481
9211
2009
5337
2189
9304
6416
9642
6097
2098
6138
2390
4303
2943
1375
7436
3564
545
5376
4805
8278
8133
2863
1848
3663
2009
9283
1955
3234
198
3510
4854
2007
7126
6699
9923
720
2312
5328
8700
3111
9551
7428
6149
5810
1062
8995
482
3211
9957
5756
6231
1235
6606
2962
4593
8795
5286
8885
3243
2875
8446
2838
6145
7383
6390
5100
3310
1462
646
8439
3917
4995
3373
1010
1195
7093
2250
526
8381
2948
8112
4583
6150
332
9680
1800
8930
5181
7760
841
1399
6052
7880
7058
4540
6102
1287
66
255
3987
6141
5516
3819
8127
3588
4168
8141
2922
2690
4253
3606
7556
8091
5442
2512
3922
9362
5543
144
7160
9314
3401
2051
1601
3974
2327
3186
3999
1442
9553
2437
1479
3385
5551
1363
1344
7581
7070
8396
5746
4653
4222
6624
4318
7121
2120
851
9395
5179
4086
6639
9879
5314
6324
3525
3613
5275
3650
6667
3124
107
5268
5543
3542
8213
6871
6603
3512
6078
6272
5282
3118
3482
340
4636
6615
4329
9771
6015
530
8714
8985
6300
9233
186
2520
5721
4032
4548
8452
6555
8320
7633
7601
1868
9350
4533
4145
2983
7076
575
5757
6922
6720
9152
6655
175
4756
6193
4882
1888
7698
8968
804
8972
276
4952
9737
3254
9353
6993
813
9330
3545
5143
1866
3425
6160
4464
7314
2265
2594
7221
520
5878
7985
7397
2795
4603
9026
4680
9013
4121
5923
3529
870
85
9108
3700
7295
7840
6428
535
1353
1694
2904
3395
803
556
8163
6795
7440
3090
9228
2133
7687
548
5327
5402
3564
1491
9966
3091
1341
888
5789
569
2458
401
3252
4003
2841
4960
2360
3174
7801
8254
1421
1849
8399
1058
697
8773
4452
8175
6236
3165
179
3325
7965
7078
1717
4868
880
4592
4978
6626
2200
6664
6372
6905
5482
6285
4161
9757
3516
2422
1215
6610
533
2917
9975
4811
4804
6196
1825
5138
418
3121
7905
507
1359
2896
8883
7373
7561
8441
2095
3802
5988
5428
5949
9820
6157
7127
1021
7211
8625
1796
2868
4803
3306
6422
3572
8917
7149
6842
3160
5954
4554
9409
1505
8972
9235
9292
9663
3271
259
8919
2822
7675
3386
1972
6477
761
9006
1527
2050
1564
996
9384
6800
6157
4387
9242
7625
8348
279
2208
5686
54
1819
5151
3624
4605
7226
2656
3892
1361
2856
1948
2938
9074
8331
8177
4028
7011
5410
9095
1662
9999
4811
3492
3039
6505
9670
5152
9928
7095
8238
2572
5674
6043
1156
6718
2731
7484
3098
2867
2052
2768
4283
4401
5358
182
2640
3801
8695
6948
2143
9204
2015
5587
554
345
6471
8792
705
9864
2883
4835
2538
377
757
7063
8648
2739
4471
8829
8593
1425
8867
8616
7158
1120
404
8319
9019
8383
7262
1588
7603
77
5013
4481
4505
8867
6392
68
8814
6262
41
4098
3473
6935
4179
4785
9858
9524
5564
4700
7863
9130
55
2580
8648
4620
9860
2753
1942
8997
269
7265
1516
6822
9344
2373
7369
7540
1713
5852
3954
4825
8931
2944
1795
7451
5945
7026
8138
7961
5232
1462
7512
8352
7234
3324
8560
2489
9830
9492
1364
8797
8499
4457
3107
3420
7558
5210
6981
8311
6829
6894
3286
4257
5185
8147
5729
9362
5894
4011
3927
6838
9179
7996
3234
4853
6009
1828
9664
7484
7369
9111
4297
1407
3887
7718
2766
3643
8185
9169
129
2590
3162
3311
4491
7303
2937
3894
8352
9008
3678
8260
17
7617
1096
9687
8056
4189
2213
8582
5229
5329
5914
2566
9235
6110
9827
1775
2172
5934
7887
4881
8463
4308
1353
1102
8796
6768
6528
978
318
1610
663
3113
7798
5658
6714
9147
7187
7685
1310
5683
8800
5193
4500
24
8429
8876
5905
8725
7905
7220
8660
920
3529
5051
9131
6057
8735
6720
8485
1509
2925
9578
8736
4878
9485
2881
5395
8710
4457
2971
5972
8793
1196
7880
5766
7702
3013
4200
2041
1397
3532
677
5061
1555
5878
6258
9842
40
5636
3902
8804
4135
6557
4140
1038
3628
1309
6876
4260
9685
5367
4097
6812
4004
9726
6705
7750
7717
5981
2758
7047
7819
5167
2434
6486
3744
3294
3494
6636
4656
1830
4327
509
4759
9455
5277
9593
7612
2698
1464
9855
3359
1738
6211
1281
4559
4650
6066
4471
5930
8025
9891
6600
1838
5510
2234
9482
8404
3120
7789
7327
7305
2591
81
6503
7775
1850
4999
4873
6317
6425
3690
2362
8765
2961
9816
5732
2482
7848
2715
303
2813
1208
9907
5626
4858
1364
3023
5096
926
3680
9057
4915
4618
2805
1306
2719
2811
444
8925
2255
7147
4739
2274
7336
2203
8848
9589
5653
70
8729
4719
3139
2314
5503
1200
99
3724
9620
4502
6267
5948
9810
6571
8764
8266
3357
8391
2544
1968
8247
1194
409
747
6469
2505
5
3523
9089
2774
9048
6281
2357
3120
1338
3739
3178
7188
3255
9726
6736
5614
255
1398
7487
1519
1461
8168
2252
9359
7541
2581
4765
7684
6592
9949
105
2571
7076
4161
4301
2143
8004
3000
4809
1294
9466
1630
6027
8086
1222
3750
6671
977
1110
6782
2556
6627
6314
8069
5458
7432
9462
485
1530
2568
3860
7365
7853
6348
1115
1939
3688
8533
3401
6185
761
6992
7832
8662
467
8475
3058
2542
2312
6263
7179
734
8567
7855
543
8510
2482
3815
8542
8778
7994
3175
5186
6596
5676
7624
2436
7614
4302
7950
7799
6900
8294
2095
795
6540
5470
5713
211
1130
5369
7529
8655
2824
8708
3156
9111
2169
1663
656
3091
7109
2772
8179
9503
2088
4301
775
3550
8197
6895
8239
1489
7234
5935
5047
8875
9909
8358
4153
386
6357
9752
9481
160
4627
6838
3311
4235
6597
198
9214
5365
6457
5227
4110
4658
2609
6204
2875
1144
2016
3390
331
6700
6090
6914
996
9657
8268
3448
189
829
6559
3422
7694
3368
5042
2626
9837
5547
9334
3897
8215
8739
4430
2421
5177
2269
3372
3581
2273
597
548
935
9052
4978
9872
5657
4619
2468
893
8539
3119
6026
2371
3714
9771
4675
4880
5787
4959
5936
400
1655
7409
1158
6065
6404
1420
9514
1778
2282
8589
8040
2004
7571
8521
2724
3048
1505
656
1850
9768
4268
6826
4817
3664
1146
452
2899
5697
4429
8654
8038
7175
9662
1313
9877
5139
6865
177
2823
1801
6733
9178
4958
1670
4500
7090
9895
3589
4649
7125
4831
5529
1298
7287
1919
7625
6695
5660
2018
7895
2486
7767
6402
6667
331
8161
2507
990
4130
5875
8481
1999
828
7021
319
4011
9949
6878
6882
8306
9307
6245
6973
1403
373
892
8866
2958
7561
508
3958
3075
1267
2201
309
154
953
9041
9319
5834
7507
3141
5158
2163
9798
5077
5255
1528
9641
2865
4530
3059
9118
8043
2215
169
218
8589
9368
5220
6394
6231
6407
5652
98
3164
2265
5206
7086
2233
1870
7610
3997
8223
3341
3596
8062
2068
5275
5377
8865
6557
2342
2847
9760
1665
1501
9115
8289
855
4073
8298
9005
1083
679
8725
1070
8502
7156
106
5667
7732
2897
3314
2337
3752
6684
8029
8045
4716
5019
2740
1148
9225
9835
6788
3802
9376
5203
8016
9381
8474
9754
7009
5558
161
4609
9203
2888
97
7063
5636
2841
6985
2506
7847
7409
1804
274
160
4985
1427
548
5961
8529
9709
6069
2984
2782
8264
4329
5103
7077
4147
7905
5839
228
9190
5492
7195
8816
8325
6739
9257
1532
2803
5651
3379
1
293
810
8837
2702
2411
4181
8434
8435
1796
2330
8255
1503
4627
5520
6056
3061
9914
7748
8811
4342
7246
8059
4652
3735
8605
4763
6667
3729
4477
5904
4207
6903
7684
3692
1870
5356
1258
6862
2252
2157
6166
2983
7769
9568
6067
4838
994
9273
5405
8662
5489
7999
3422
2493
8268
5286
4996
5341
5741
2508
3097
507
2130
6379
1022
2035
9468
179
2954
3072
2610
9927
1914
9494
9551
5132
6269
5339
4476
7920
1904
7022
8111
5159
2445
7480
1645
4136
5880
5787
7859
8770
2053
1721
7332
3969
2284
2580
1329
6173
3339
3276
3976
7603
2631
2604
8873
5883
7486
3443
3515
4341
7232
2445
4863
7213
4232
3309
1702
8323
6710
4654
1615
7715
7738
9459
9767
3655
8049
3538
2331
3804
5022
8912
3003
9944
2069
7676
7528
2253
5713
9084
8590
7711
6462
8464
4270
34
2402
9998
4357
6722
4828
5539
3898
37
5446
210
6055
9374
7498
9331
1893
650
4724
4923
3216
5498
4367
8205
2987
7849
3551
4656
2674
4617
3440
2609
5740
9490
6718
5471
4458
6597
1352
1549
3378
2844
5467
7251
6888
1887
3716
7263
1936
8046
7086
4812
6443
8083
3848
2488
2437
2119
5781
7743
3263
467
8135
895
1224
456
4488
8766
4975
266
5137
5427
1354
5314
4370
7150
9939
5987
3332
1089
8499
3695
9903
3258
6015
9878
9389
8462
6707
236
2621
2641
2424
3759
4809
1736
3017
4279
5903
3284
446
5858
3805
352
4994
4070
6493
7557
3287
3081
9468
6509
1979
5249
5819
1256
6716
1108
8366
1707
9070
5215
5679
5670
9834
8203
6000
4269
2692
9735
8328
5079
9686
7186
6842
6390
7956
3276
617
1282
4334
4096
3020
3578
1000
9888
5458
8799
6493
1329
5155
1605
3934
7253
1612
9269
3846
7691
7336
6089
6164
2462
4525
1189
2754
7702
5769
7623
3399
4475
6839
1666
9252
7763
7238
1016
4923
4852
7003
107
4927
7328
9215
675
408
5299
8463
9892
5542
9117
8163
5402
9885
7856
9839
2997
7166
3570
6386
4927
4359
1141
8648
4237
7919
9233
657
7447
9986
3964
7222
6375
3456
2610
7745
2065
5760
5844
9712
4677
816
8054
2990
2585
3180
2461
3313
9641
8387
828
8075
9428
6528
2960
5184
9658
9370
4055
3316
4550
4075
5125
8937
1092
2361
3490
7895
204
3755
3945
1011
1919
5446
2280
8762
6172
1705
8824
7760
6461
9560
1667
5188
1616
8404
4842
8698
2968
2758
2500
1325
7109
5126
3786
9939
2865
9506
6794
3564
9629
2867
1471
4611
322
8183
8151
2955
8246
7046
8835
3774
3476
5507
4794
5495
1117
3828
5659
2213
4095
8817
9239
4730
5000
8167
7395
8348
805
5841
4155
1758
6969
9389
7578
6496
2046
6851
4837
7474
4242
7450
531
2687
8914
5976
4911
706
2142
1898
1698
2364
4684
6841
3380
3718
2073
5987
5826
9419
7443
2655
7907
3522
1091
414
6410
1208
4540
2442
1395
3394
2173
4683
3390
3475
2773
3162
6285
4063
9592
9275
9860
2458
6192
2162
3837
8124
6958
8438
2775
8795
4191
5595
3592
4445
6415
1701
7024
9356
6163
6233
1704
1508
6263
2027
7095
8603
5419
8465
5427
1
826
9869
5570
703
4281
9140
5073
5274
784
5372
3143
7200
4330
435
4054
9728
4394
5431
544
2842
602
4904
2251
3695
9999
8405
8776
3826
6232
3527
7867
884
8094
6897
419
8649
4505
4665
8178
1134
6808
8210
1389
1583
8551
5612
152
8830
8152
2837
9542
2762
5062
8662
7763
115
3595
3647
3727
6918
7279
510
4037
5801
6643
2344
4533
4825
4271
7155
2310
9793
6964
5145
5862
7701
8027
6509
3058
4679
5291
6716
4647
5012
7268
7377
9695
7219
864
9875
4599
367
7039
6640
9247
6450
3471
8784
8671
8557
6110
6076
1476
6260
319
4974
4108
9161
27
6506
3164
2455
3861
8838
3373
8590
6238
9724
2567
1584
516
4037
4075
2995
9156
8011
2773
5069
1756
8607
1043
8997
7216
6959
1677
7574
8447
4565
4154
7887
1066
9783
595
2946
6489
7221
6182
1593
1851
334
3152
4561
6861
6559
6014
5543
1238
7638
1035
9459
5951
5610
3857
4339
290
6933
3395
7252
2723
4962
6770
1047
2600
880
2311
5470
7686
8293
4773
9897
8204
9947
7523
2751
4933
1142
81
5185
8690
2776
9886
63
2535
3978
4599
6231
660
5755
4437
8036
8516
1112
3709
9420
4252
6018
828
5369
9300
8947
7588
3558
5763
3588
944
9294
5017
682
4838
3997
8594
6493
1001
4122
1428
9651
7028
4384
4706
7361
8127
7980
1315
235
6916
2216
9584
1180
9519
1074
9146
3468
7560
5881
7292
1726
5607
992
1603
4330
4334
6365
8617
8500
7358
1901
3083
9068
6911
6378
4558
6915
1854
4844
9745
3820
3723
3324
9407
1940
9542
5740
7795
341
7073
204
2582
9467
1239
6227
1744
683
3149
346
5969
247
2838
9981
6224
301
7470
7659
4091
8372
964
3814
530
8259
3013
4025
7623
62
3343
8453
8526
3956
5155
9362
6960
8740
3544
8730
7835
2101
4927
7963
1391
9259
908
6629
1265
1558
9568
6732
1211
7540
3013
3541
333
9107
7367
7136
4617
1850
9781
1
5448
6180
1903
2864
8599
8489
5501
2150
9804
5169
9387
9464
3188
7751
7419
4227
4376
2088
1615
556
1422
5662
7364
5500
9539
3986
6184
7611
3179
3254
5847
8222
4779
2821
5119
6747
9602
7885
6518
443
1713
2285
2803
6500
6299
488
2503
3784
7230
455
4201
5121
7694
8497
5143
1671
2941
9105
4775
4573
1971
6739
9978
7922
4294
9971
4194
1137
5886
7533
4432
9093
7776
9373
6965
9274
1407
6902
6560
6507
7403
5197
4458
6236
1608
5912
4534
5537
2334
4434
4439
9804
1530
4912
1992
361
5931
5237
6196
502
851
3694
5363
2150
2799
4752
1616
2617
9085
2475
5369
7453
4439
2872
5148
5501
794
6979
6440
1407
6035
2488
8513
7680
7809
5898
4594
7304
6572
8842
9204
1599
7839
514
6422
76
2016
4108
5365
6020
3986
4373
9275
6243
6586
8481
3475
6476
7665
5584
5490
7053
312
5765
9400
1537
8262
5488
1520
4656
1976
9629
7855
4122
6386
5257
6263
3429
5356
6620
80
2609
4065
6341
1502
9847
3188
3285
4626
6054
4432
1544
1391
4677
7720
7802
1569
1499
5465
1029
7249
655
8882
931
6125
9032
7249
1555
8496
7355
1117
7215
3747
2058
9852
7856
542
2448
7743
4986
5037
6014
9407
2223
5640
5185
