534 405
867
765
200
7
312
385
505
399
9
835
659
528
899
18
819
159
544
573
310
699
618
761
681
767
830
311
555
286
11
580
302
717
62
685
871
28
593
506
232
523
830
223
275
878
842
627
885
109
78
212
326
695
432
371
362
471
18
653
473
19
320
172
886
627
421
494
528
456
795
899
757
582
646
118
144
60
469
157
887
208
48
687
414
714
50
624
310
59
1
882
721
508
156
201
262
223
567
447
359
633
165
700
54
438
188
275
17
873
298
838
842
268
868
861
565
860
571
438
898
827
536
659
369
347
597
209
73
625
361
401
386
755
887
799
677
687
566
736
719
738
271
594
339
43
612
882
367
182
362
771
651
593
288
390
117
507
192
801
170
83
836
851
887
89
84
527
351
662
136
210
815
276
446
143
751
514
869
855
503
811
761
337
319
114
340
441
230
5
185
370
199
150
338
249
41
843
782
597
208
792
712
747
855
567
524
252
471
670
12
535
695
884
385
482
540
598
181
594
867
258
711
203
732
366
786
771
826
149
18
141
530
773
198
281
357
326
471
412
695
101
438
472
848
89
73
793
729
856
126
177
772
595
99
424
788
781
252
478
670
288
399
894
644
305
854
456
568
645
863
264
641
667
523
593
434
297
47
275
539
836
716
215
176
646
433
722
288
186
159
206
240
743
603
77
715
145
394
527
866
663
736
633
613
503
550
232
175
829
505
41
747
296
449
872
250
193
35
12
705
391
588
460
373
392
347
316
493
310
510
245
40
789
551
133
790
583
542
83
173
501
723
792
429
266
387
16
478
493
294
878
754
804
321
441
167
410
473
184
864
412
27
512
199
461
861
369
681
27
381
221
331
594
702
9
746
552
798
553
675
373
322
364
167
866
275
570
299
234
421
856
550
740
95
427
275
763
709
406
585
365
825
37
822
224
412
111
522
19
177
13
25
93
560
827
310
873
884
842
311
531
713
594
114
61
296
192
252
669
710
751
126
349
510
535
362
721
689
150
235
119
688
586
765
870
501
853
288
759
170
889
216
123
120
855
209
483
501
421
377
847
476
182
593
614
155
454
806
610
830
267
497
404
709
511
791
490
870
828
694
883
156
364
573
815
544
210
845
34
835
103
308
193
717
302
756
687
46
148
571
507
532
478
854
879
78
528
810
760
823
269
142
752
471
129
591
789
285
804
290
397
197
861
445
823
592
241
80
460
230
182
675
410
338
523
265
841
539
664
408
268
497
823
339
657
306
185
93
391
422
818
382
568
80
879
493
396
632
873
821
287
282
503
496
610
124
346
605
55
16
399
571
767
381
113
353
356
148
180
404
90
472
371
696
267
652
518
206
92
9
97
427
165
883
617
754
395
589
744
152
17
53
856
519
673
640
254
317
652
171
276
121
30
872
628
6
64
345
295
69
822
289
315
798
233
476
337
712
378
96
137
892
364
807
476
96
393
858
22
615
232
207
90
582
747
140
150
98
475
286
657
559
704
819
682
680
349
24
643
804
804
803
511
413
760
201
813
65
156
637
791
623
795
870
685
824
94
646
638
697
462
548
425
445
550
604
663
399
94
152
617
367
802
257
485
307
625
414
417
768
679
607
620
125
240
868
158
458
308
74
39
333
301
346
615
861
733
817
47
525
546
98
783
817
803
369
249
71
754
556
636
489
841
703
307
276
444
857
350
103
508
494
424
12
262
843
641
321
666
297
367
301
188
729
718
325
500
53
822
319
70
267
407
275
886
649
292
53
404
787
867
759
228
421
542
242
48
208
801
18
456
681
93
776
679
385
382
231
884
759
787
477
563
295
263
370
828
401
545
345
367
193
634
739
64
879
449
864
355
283
725
45
668
33
220
513
468
177
208
258
16
152
845
406
182
513
731
402
801
107
277
831
315
77
233
520
781
763
697
524
687
100
529
516
670
585
26
505
63
313
413
74
75
489
442
99
190
305
51
181
201
23
646
5
454
536
93
674
430
803
112
756
190
109
611
804
488
496
533
756
540
491
872
442
47
656
417
603
476
887
672
654
569
847
97
571
547
875
370
511
701
412
725
715
140
453
567
75
332
624
836
682
228
300
210
828
585
186
425
330
352
114
686
72
79
410
777
10
351
873
258
600
512
459
502
111
456
61
348
442
