6504 9006
12817
33175
5124
20443
47881
62561
61490
18590
60309
15351
24185
45142
56248
66434
64978
69216
33360
45139
59061
10866
33053
39687
31243
78281
15721
64929
39916
64682
59828
31536
38841
14931
36303
38842
57473
54248
10944
75888
21889
26236
63602
7134
15166
64287
34158
13444
79343
6
68304
49113
38079
66459
63994
76923
53379
46180
953
71929
21049
38155
66562
58340
13798
60491
13169
41363
30548
42726
2340
17336
73904
42336
5097
72111
19723
23102
13830
52147
44313
29457
48333
58889
33259
2715
57881
79885
4648
25272
52804
15963
48479
52067
27865
60352
19140
50362
57629
41605
61364
6295
28786
7721
60611
47869
50210
35248
60936
68449
38792
26979
58376
13206
14379
48980
62739
65271
73458
47102
49090
1739
17605
51314
71876
36576
4567
20518
5596
73770
8895
40027
78365
36423
53056
38488
47345
4368
13155
22158
72315
23625
36152
74620
76958
36269
54436
63129
3712
1136
21603
33798
1044
47338
59614
33226
1343
48309
7342
51385
59371
39701
65695
48537
7686
56962
2771
77667
45035
75913
38097
74795
1320
71637
38266
55032
29262
48246
23866
16329
45709
66413
12388
10503
8006
10307
12964
8735
2970
45060
61664
23792
63522
65995
42365
12665
43475
8289
25735
11148
22603
38948
31887
7449
26953
31313
60977
27807
34185
56331
67264
67138
27967
76863
8702
56983
22560
14068
65168
7835
48461
33283
29322
20875
38404
6278
6494
4039
62284
14256
71847
19260
8415
79888
48350
23055
51416
66192
78412
53830
35289
36130
61890
333
20843
61255
26446
51485
23361
43765
12200
54937
38819
68417
26494
57389
1170
74672
18136
3189
61518
11967
41570
68675
806
60561
64133
49820
25822
66264
54340
2259
14838
301
22662
59846
31289
77545
41278
15283
65193
20594
5114
40652
62085
68006
38394
64337
24342
48357
50584
32648
61943
4356
60960
79614
47660
11445
66125
78157
29972
62490
70095
42803
26892
25000
68709
72042
72407
31865
41926
32548
38079
3958
28250
53883
25156
37640
50474
18915
53435
47908
52709
40378
74267
15576
43263
8368
55058
52732
10432
17938
66197
34153
29062
23333
9473
34142
71491
19290
77044
20318
30066
25525
55457
1429
68987
14232
59650
29712
16190
19768
3659
55469
32856
53500
9774
29208
17069
45133
4982
23194
12914
76044
7264
29019
17725
12786
55784
21471
64479
23846
15468
33592
6759
65024
71419
66523
59071
4711
61843
34976
21328
27559
15660
50733
44306
2338
55019
29280
61033
7161
62082
56864
11292
14255
58331
76303
3272
49395
64499
30449
14397
22067
17095
24386
65451
56226
47014
4291
27487
64778
6666
6932
44899
30850
30346
4731
32301
54778
30602
24093
45159
47211
49522
67534
58807
47417
12990
12460
27774
14226
9107
11953
34023
48914
56282
57642
71537
39793
65609
4716
24916
43677
35762
59009
76592
37295
2765
11436
62628
60942
13982
12870
18640
77332
13858
21061
9453
61959
63342
59771
58915
70024
66322
79781
36567
52787
42188
23600
8485
28299
37321
3932
19734
34094
39608
74572
70786
10150
75045
37179
11772
68166
26367
15207
4265
27937
79006
75481
74760
74690
4164
37762
17293
25382
3564
3983
71590
659
32686
73655
70524
57973
72494
53242
45591
66120
53704
49737
17137
30085
28401
47884
38622
26299
23668
43342
39391
22205
29262
68954
52154
51932
71109
47419
20276
64210
25482
61986
22507
73527
52349
59036
61898
15750
44267
55965
540
61537
68810
8994
7706
2326
54196
74099
37751
3305
71504
57240
23476
25793
21377
75494
64862
8949
13002
28224
2427
530
79564
7553
65630
32184
34490
12288
62674
1635
60171
32082
17730
8407
15266
13651
20677
69084
4081
13860
34247
71190
24284
22478
52167
51851
65711
68537
53399
29697
38162
67998
32487
58563
60792
37530
10799
33284
7270
31573
1120
66383
42818
70697
7672
75973
41352
63085
20614
7329
39173
13349
40116
62237
28339
30957
77962
1365
76435
12305
58599
6893
74817
65566
6926
18161
75363
36434
43550
55740
3865
7785
12644
4495
59631
10321
12052
69887
5734
8809
15293
51842
78324
25382
52242
35540
49122
44417
57428
58793
50803
20988
56221
22376
25566
66222
40049
45512
3484
18825
28869
57424
56699
34468
25292
42509
1653
6950
49118
27728
63949
1346
29090
63607
5427
25692
71907
53872
62476
20770
64982
3039
17484
65743
23117
47801
15907
30016
70668
49193
1204
49510
56486
22177
75735
20562
51812
62628
11402
29975
50628
74850
68977
69920
32941
43504
35799
47038
25887
30853
69950
63239
13236
33709
33955
69498
34950
45638
36823
32849
5345
1511
61343
1556
27754
17141
50834
65941
28282
41641
19805
5892
10355
60539
65850
74962
30851
31309
1624
71120
29089
8431
58194
72319
59902
32709
32964
29571
35492
30477
61443
60382
38173
65167
33453
72103
4069
60395
58169
39784
39293
65164
32185
9825
64155
54474
343
73420
22975
70019
76456
58310
68772
24677
22402
60542
61265
21134
38045
48104
37474
50658
35752
74758
67154
5238
62856
16012
76867
78907
30712
1745
9705
37200
3308
64868
61608
63513
41718
16889
45261
35483
18790
75188
30318
11899
13831
50055
32211
11479
68101
70305
74995
50204
23368
74133
7111
6454
48747
17301
39183
76801
52769
65940
22953
4994
61500
69235
29210
48780
39537
22548
5655
11342
14681
79903
24564
5054
11369
73018
52822
15163
11053
10511
27510
51068
64385
25026
79173
55805
1347
38412
18761
73927
18598
67749
25931
19220
1828
51224
45126
43073
74528
56918
76858
49286
39446
45335
16708
60485
57176
74808
61535
5363
66541
66047
75356
55697
28277
27474
76828
10454
58130
7285
32741
14760
55063
33425
424
49468
8326
71991
45522
8584
63523
32424
5668
74628
18419
60075
76766
4970
56387
35
54858
35158
37701
58922
66866
29906
60858
33007
48526
70956
39113
2235
23896
7590
68378
52518
1109
75049
5311
56139
2438
34919
58455
36770
18858
57181
26757
47218
11598
15071
866
21374
13656
70992
71991
5313
77028
6061
65315
35429
36856
19803
21197
74659
18443
54046
54893
73114
20121
71108
77734
70120
33239
37452
79411
15132
5641
7451
8331
20963
18492
66812
17035
71209
75988
61445
11094
32872
37712
26577
17299
54412
34280
65269
51578
69543
45404
28920
15951
59885
38176
10055
619
48448
1622
35972
1764
65160
56678
78145
13661
41035
315
55662
37764
76089
36524
41316
29864
5856
79458
47734
34069
31913
35429
50576
229
43782
17545
30302
76807
74945
62259
78302
77538
47724
10187
13654
17346
24793
79660
10993
36924
64911
62223
66823
18316
53991
52503
71021
44359
18046
24835
3797
77718
1385
65964
28365
71422
42318
13858
20037
49613
1533
29877
28324
48175
28476
64571
36336
29702
72884
51449
48872
52020
57860
69938
35846
16363
34408
36275
51305
8915
33502
73347
71451
52448
9817
67999
487
14339
72086
43624
74485
453
70491
19867
26013
24930
4806
69144
32114
23398
62645
66781
73255
47699
801
69580
39547
16057
1236
14387
13259
22291
75113
77916
54555
15905
72579
2085
63102
32725
73779
52029
5603
20456
69573
9777
73367
58600
41860
34263
71245
7390
27894
63532
46969
21756
75963
9070
57241
16169
58483
53245
43657
42882
40974
12919
9194
64587
41080
45754
37094
73612
11415
47343
72326
40961
75545
19801
46477
53119
61097
55099
66366
52458
62123
64549
42258
54284
30375
1088
42289
22291
58786
31331
45604
52986
68557
73789
69059
13309
63240
48637
63790
15109
39723
69662
22277
52752
29123
43279
68825
69355
53384
22017
53020
62707
10375
16036
54169
19992
77145
47597
23953
63092
14741
17987
14495
72133
46718
48185
71135
28729
76771
44130
46005
73242
69343
41218
23777
49345
32694
43764
59909
17979
19889
62521
50504
41122
53933
62511
39244
19581
14573
65935
39568
30653
53047
18754
69284
59486
75496
78710
61695
16939
55280
17628
54385
27877
49839
18237
8170
54348
50882
58641
19166
61382
802
74766
23019
9192
67824
18326
59528
50191
43062
16458
17024
24841
31463
7285
39074
65296
73736
57210
42609
45117
7168
11328
59075
27678
50513
4382
22467
32882
13896
49320
45209
4680
71854
72623
61138
20588
31133
75735
11884
74902
39851
11751
47564
41770
58570
43810
5009
31422
14521
10621
37974
77246
7358
45584
66692
54155
19050
5732
32295
47055
43713
17987
50391
35744
28666
22321
23591
68921
10131
69547
22629
51302
51554
47406
48890
6308
36361
40171
77484
911
28412
78379
41047
23888
61827
56830
62614
4758
57956
47350
15158
55512
43061
30911
10660
54335
78883
10631
39348
9540
74211
58322
27475
39116
44515
34359
58581
28651
25624
11413
8673
56647
14514
41411
41492
66024
4954
52070
38577
35033
58828
31392
64021
37037
47219
28326
70741
30265
22158
64634
70031
15410
24650
22139
16787
26896
72973
12782
77831
44964
34156
53941
40353
29058
79336
42659
12942
12960
29674
39917
65588
79854
14422
36789
61193
78224
18630
20867
64631
70642
77906
63040
12631
7044
16163
76925
26149
77779
25047
27551
65491
2077
67775
10245
67061
52884
3483
59193
60875
54289
50454
18208
52157
33703
8535
60493
2532
65205
4322
72568
11396
76171
40914
19069
62531
16499
31287
45346
72249
34305
26515
25269
42427
66247
4158
60171
34548
13012
16140
5870
50797
65922
19075
58177
27825
70015
3710
40279
51953
59446
56147
30430
26288
66518
4725
54895
16860
5436
7570
24262
74072
22288
22434
52849
26191
15990
49472
38776
13551
79364
37389
30560
36741
70178
33224
45187
32018
19600
26740
39112
46267
37604
33835
540
7176
14735
52857
27661
38135
57240
17570
68738
39403
33768
16541
77667
76005
18957
57841
728
68879
50869
68320
943
10079
49932
37912
76029
48211
8103
71995
71080
10307
75440
50847
10764
16285
30746
77834
47043
38238
23211
61674
72632
76649
69008
48495
29273
8057
32890
73611
71277
43812
28467
8971
62853
48646
36837
39686
32784
23403
72547
2555
8886
42387
55806
3054
19996
37249
53907
8019
4388
42690
22799
73728
45725
31972
77568
28911
22658
21102
30637
56426
23791
19806
57200
64066
70196
26173
33597
73667
53237
12903
76932
49156
12899
10067
60686
60223
73969
27478
54610
2263
73405
55246
77921
19467
27433
71727
58425
32213
3102
32394
49219
29127
63840
51516
57358
16578
6429
42040
50309
43399
17874
10428
46892
26957
1779
56222
47302
320
7639
65833
64967
12374
62430
22800
41332
47776
77069
10226
39175
47308
52563
3909
22974
48453
59865
17136
4683
49092
77591
11335
54869
33499
13420
63522
3418
30104
44652
35441
48280
66613
14107
75621
78541
33388
58241
20600
19056
14753
60674
62797
54278
26057
37646
18894
754
38564
60388
24035
79638
32994
36921
55222
37432
15138
52952
74276
55645
4121
34854
723
55887
27608
40135
42897
19158
41662
1444
57779
46886
20584
74405
24179
2384
29570
79119
68727
67184
7365
57797
49729
25745
45461
21005
51641
68939
24318
52573
45367
72705
76107
45235
20488
30319
79774
48201
50076
58756
60771
73415
23200
20940
79236
24494
32200
62703
32313
43007
70084
7997
45654
78692
58143
76973
74268
57513
66290
73718
52970
24644
11407
14629
2747
45030
5914
72058
33103
65128
4866
44327
75222
14818
51606
2286
961
3756
76796
30457
64016
13237
72423
39406
69078
790
71203
54203
70413
44489
23948
76122
12866
47583
15608
2323
16128
58285
68565
78293
19461
57267
64506
73894
71984
55661
70090
55622
7602
64675
54324
11374
9414
25847
55782
1568
62899
16391
75726
30743
68542
1198
20094
1257
52334
52224
11755
6608
67384
3854
8352
43400
43773
72255
35322
21570
9820
56944
4876
62026
40731
69042
7196
35263
65775
64768
78881
16087
69572
22418
45636
46910
15200
70542
32841
29750
65797
24740
51494
76312
68139
56948
51788
3480
18004
47321
27589
51664
76439
23847
48405
25764
42584
54159
28816
68639
58266
39153
17550
7594
39145
57002
39479
33679
64879
73041
35191
26596
36116
26129
76934
25438
49766
52262
573
64974
77956
44164
5712
1867
73466
30486
66750
35160
49813
35605
33849
66419
53111
22276
53454
49378
62457
62646
13265
65387
23901
12371
67588
4060
49751
68258
78557
59377
40462
48645
30478
77326
22887
70392
33714
75480
49212
76241
27326
77533
60052
6565
73777
22671
68576
72000
33146
53096
67161
55940
28609
21504
62089
52458
70798
58637
24731
46476
18445
60203
20133
15349
60549
29716
77929
7525
56043
2728
59262
73636
46918
68192
31296
13719
37790
60434
43757
72793
57417
42524
56555
23843
16195
57467
12266
6157
79093
62088
71435
8786
38814
51016
73089
39834
52621
11850
59328
5549
53685
71106
54877
7783
20033
53493
54086
29699
58971
40597
25183
39322
20977
11389
51220
66530
14543
4574
17560
55466
13747
26525
6198
1578
35870
39355
58560
57131
1142
18821
22493
24051
55594
64827
19210
67390
67542
67966
16519
62104
65811
9842
51236
41594
62424
45251
13482
26796
44099
58938
6529
23324
76849
63563
57703
11927
78966
79670
39014
20780
53315
40022
32855
79901
45430
73293
71328
67338
5661
5493
2054
59077
39022
7645
14379
31673
44554
27461
34673
6025
56626
79516
36086
36958
25430
57539
6220
46456
35084
34858
66291
75313
79549
72133
59546
41509
43614
8654
18054
42806
35215
24559
20148
51449
53672
72347
21196
11954
24957
9162
25220
46725
79921
15183
22248
62801
5892
52787
75625
66752
38611
36860
5559
50318
14226
16162
31883
49630
4695
32420
73613
54974
51246
7558
69691
11439
66625
6284
10247
24995
76943
3373
67529
61620
37829
60878
18692
32967
28762
34982
18261
61358
6453
6324
77061
76052
46769
58544
18666
4743
50025
11140
67101
48275
12908
34168
15259
27921
49300
59969
27734
4922
60778
43122
31699
49306
5583
22816
43126
43290
43751
26536
32579
54316
78435
31325
75702
40622
63041
56323
10294
990
35753
41137
57757
39220
53688
68782
36179
38256
25742
15362
981
10383
25222
63645
14035
76471
60447
12755
51467
22929
15129
56071
33626
10277
23039
45156
28426
8727
57041
46372
63685
66676
16127
2311
78053
36781
51932
22006
8408
36680
55995
68173
9725
79079
79390
48652
38376
66678
7681
31329
19843
35530
37408
41943
36317
76172
48426
43169
9411
41964
32922
78691
50016
51334
42107
21003
4595
54335
61695
66216
19221
79258
44807
29252
55218
63848
14927
648
20249
75706
61805
442
14389
51952
51342
29832
11537
79456
18802
78691
33089
20699
77311
53763
5270
19343
55299
41921
76832
13173
43885
45186
54714
45402
55629
5021
7150
50312
78481
15320
33810
53462
43194
44727
48879
34562
243
24395
55048
2893
76069
77995
64961
67488
1957
3969
3599
70125
77191
69129
23593
57572
57741
17762
20122
75945
49935
36986
8367
36090
54511
19992
41624
12445
9963
22068
10152
53080
66592
14983
29211
35921
66806
74337
30235
12081
36674
59073
73498
24892
13707
76098
37412
41427
72605
55617
52939
47787
51853
20301
17424
31572
58382
16131
7241
2778
45186
23175
11352
71999
68990
75417
77518
2577
54554
21053
20273
17968
52613
55767
36794
59954
75074
24819
36687
66445
20
55057
48867
45097
58114
21400
48932
62254
39797
65922
30585
13808
39413
40239
12995
9559
59398
17833
51940
45977
37418
23717
16851
10502
75833
31268
30439
6606
11000
33979
55641
31910
66127
2893
40562
27079
53300
74681
31727
32641
36519
62913
66167
2258
68507
44632
31833
28287
697
573
53086
49369
30977
71369
54234
26578
51194
40997
71130
77552
1164
16204
42100
75994
44394
16373
29200
12298
10420
58272
44846
51703
18427
46705
64100
6943
46789
33680
17535
57099
4566
50165
43170
73739
76512
26802
59058
5874
16553
60303
62728
19920
41018
24354
63077
28651
28633
37181
28857
19578
76785
8839
11326
59903
1866
61719
13929
70061
55499
6495
77184
24970
49666
57342
11800
11983
54543
75900
48032
23657
7287
10262
46496
14810
22908
66892
78176
76051
66350
19498
43697
45446
25209
35468
9798
77781
74320
21
11271
5031
26567
68870
47586
46149
20138
47134
14573
19641
63677
76062
3442
45154
51109
27524
14150
3433
72495
72307
40808
36600
52402
12117
17975
38159
10511
32608
43910
76104
49397
28205
67277
10898
21697
67239
55384
36961
24417
43022
44480
2201
44773
3665
26479
41475
53218
58243
43715
39789
60501
42605
47209
8503
2957
14634
38851
68272
31331
32074
29555
67577
72121
38350
20898
13306
26766
71692
24996
4151
74348
45151
16133
38951
50414
20602
8374
27114
11744
16050
78209
29926
9760
35856
13288
28900
29774
47689
32019
15788
57269
34116
39913
60119
54544
3027
73961
12030
21532
68060
14355
4803
44635
2613
62791
23406
79699
39885
59341
58996
43511
64097
27122
17743
77583
17815
39267
64561
54806
77282
30146
13854
61323
77544
48301
71694
61659
74371
69069
35069
44655
19063
58469
57813
32575
59778
66217
290
78341
30300
55345
77103
20119
21168
70717
17376
73439
22591
62157
54147
25091
73138
14124
9034
77647
28927
8845
6719
7643
67230
30301
59301
54035
14512
40790
46935
38129
76708
59326
39085
64077
60132
22667
26648
54329
11841
7146
72127
71945
22391
36023
42027
27980
1142
7136
78131
4621
10839
74953
74012
62392
46349
6732
17706
22455
70581
32396
55376
44291
63616
21663
4143
17398
39952
40294
61817
36768
723
2365
19973
1167
26319
40078
43661
26658
29838
61533
21587
73227
69180
35617
26334
48391
57643
58764
13144
68541
18147
18985
51962
57777
49391
67680
61353
57582
4462
20115
71082
22940
10744
62882
45620
6235
48238
34582
2553
55993
30989
18524
33425
20755
79560
9502
61456
27871
3520
27271
58701
23040
169
15683
8872
70022
64197
27844
41381
64047
13409
44931
4060
70551
25509
31301
59136
28275
63701
24557
38747
38690
14194
40677
7775
49792
12734
36874
64822
40301
22264
5551
24598
70392
18160
49663
10915
58488
36117
62531
19463
63014
31556
24281
79946
47158
15720
64679
21134
78650
75935
31311
68911
61754
15576
37238
1946
12558
39105
49327
33757
70182
51489
34092
71655
25643
7702
50577
76394
68295
41875
28760
71769
59479
67720
68071
37510
8108
49657
35711
54526
48510
10897
71776
37962
33273
40528
22254
56073
60525
32301
17320
43234
45152
55649
18163
11327
6639
3028
8803
49517
14149
71609
39716
48325
74504
52867
18029
26645
64808
47718
56707
62833
53657
41379
25663
2263
39510
20520
5513
49318
79368
31793
75536
33222
64409
77616
68195
32296
61557
30665
41498
4368
42595
67715
17106
42491
27815
57274
16958
61490
23305
21030
6398
15065
74727
20199
70420
24383
2310
63972
16301
32632
29218
24594
26045
17576
17442
74312
22993
33631
71740
12148
6471
455
54577
37748
36310
77019
65713
6753
75816
75107
33169
34111
19541
57150
52679
62423
44011
79416
36809
1192
59962
38089
30231
46012
19286
34502
73079
56413
35752
4502
49840
35782
63862
29805
28314
41386
64356
6656
14306
57934
38595
55726
46699
11609
59353
9948
79598
76681
15505
12869
29475
23362
47281
44777
73469
79464
52856
38579
78842
12108
22890
50465
73277
77480
65643
35636
62481
11462
10705
77314
78036
72620
65023
64550
48434
69087
52740
53799
4810
45519
23472
70098
76443
55609
56665
61248
37099
35361
8115
14349
70621
54925
15688
26308
53016
10658
52916
42577
19710
9049
50841
21817
23542
71188
71072
15121
54983
47886
68346
79661
16311
54833
62203
37329
62173
64119
9155
44538
47891
9043
24602
31461
12653
35622
14748
15453
17646
25189
61039
38462
10404
72617
62687
12182
8809
25068
7282
54248
5161
54040
17421
66791
77508
32355
35733
74217
18413
57325
76235
15742
28043
57788
52267
41388
7817
18129
27258
15930
72779
55425
72557
47680
76854
21249
55822
68490
57652
68279
54894
64509
60440
41257
37490
6999
19275
35204
39678
77988
23484
61150
20463
12158
67309
16880
61506
15696
58248
59566
7078
72905
75764
17281
77946
36091
77683
51912
33515
44309
59503
48023
59801
8296
75721
77963
78841
55456
7310
6500
50887
19130
1870
28319
68907
75987
60446
34732
71023
65883
56252
54318
57625
17777
25700
14378
44170
7500
52588
10806
47573
68669
14507
54352
4308
33436
40399
58407
13827
68075
64823
1042
24906
8651
24121
41731
79400
79606
9969
27086
33491
24779
45541
2169
57588
53831
8777
73248
71050
11700
67402
18760
5998
44620
3939
48884
36699
60373
9762
17833
68974
5449
50523
40042
41253
56905
27074
51890
79606
67390
74215
10261
19030
49501
72774
20500
29439
68463
58920
7614
55448
24074
59473
10704
73458
4336
5924
72594
18632
10911
46685
51705
19907
43343
51918
34934
56506
43968
34382
68403
58896
34105
736
73473
16505
45987
69425
60559
10765
31957
53753
11709
23260
56757
43342
69189
24573
788
76481
32660
70327
78513
53652
39007
69087
29770
33937
60229
25208
21592
37351
45542
13036
59861
64978
30216
32624
35075
43942
7780
28412
2831
5865
22680
49225
61364
76747
71984
70008
55980
55868
68373
73585
40180
15075
9594
6362
8607
62851
55450
28573
6704
56104
61860
41692
41632
34301
68697
48856
60153
64236
46168
55442
19742
69397
52043
44541
63281
26935
53726
75385
45749
40248
16113
12603
49868
49938
75611
52322
9785
25521
36112
51016
26484
21040
33881
58747
21328
37288
41349
36163
76373
70477
46754
70899
79958
61941
6205
12302
7516
57278
41634
13003
41117
58658
13379
72612
73490
74747
46978
64484
26040
3947
53779
4495
54996
74616
43840
35422
30442
18383
73393
67535
21424
38200
20107
22391
4392
61746
76041
10738
76111
34219
45289
6366
26223
35307
41896
56330
5470
76795
50929
26270
56230
65131
25179
40653
41384
53445
41499
16222
51253
57829
50467
8353
27866
51724
72903
51479
29184
40242
55546
24276
77126
54513
476
7541
72799
77164
49765
78213
26856
77738
35620
18810
15203
66265
30373
70791
69630
30691
14
27685
54586
76930
25321
24545
17030
7889
68569
61888
3876
9874
29539
22407
25171
52790
27081
27305
51225
6885
52697
16538
45003
67484
37795
35552
30239
75211
3
53638
49874
38795
5871
79949
74150
8618
63568
28576
74484
30096
71978
30524
36114
7249
70430
6368
33512
49433
1063
78126
38133
21020
14290
3275
14819
28396
54523
79690
44051
6310
31586
50939
21298
52500
2880
61129
37421
73327
48505
23230
47050
32671
18214
61300
62941
31595
24059
3640
37734
38755
476
29939
20582
33567
25379
71798
61564
9802
38985
24397
44349
31496
14881
10860
66573
32193
30239
44505
33099
204
44987
23220
1394
75530
5394
61787
68640
58534
64587
50251
30970
37507
65563
58744
56794
64814
22452
42391
45223
52827
60331
75874
79960
46724
46314
39196
37866
67563
34651
8528
15127
33594
62372
74602
64175
29168
51558
42660
29133
9168
58454
40897
50689
13684
32910
48019
53448
35503
45116
5564
46432
5532
27604
39218
23525
73713
72469
78403
14411
21568
16510
49629
23261
4877
56529
12006
3757
29945
75618
39974
22960
34469
17399
46877
37048
55647
43656
62935
79544
46304
32638
3198
53973
68359
57712
67086
737
36998
2639
74432
11642
74708
70147
7856
224
29589
50896
33673
33479
5705
62369
20242
68803
34998
544
21833
2807
21565
5777
17397
56823
62606
79539
67487
13831
29904
7480
51192
6166
76291
10433
31382
21889
49629
38141
65301
45394
69869
16619
54314
76495
71686
51565
48325
49586
55920
65535
55308
74806
69157
50420
13881
66749
4614
70260
17700
39804
32987
49750
16600
25630
74170
24464
73960
26637
36017
19687
37369
25087
2217
31735
35776
12177
76764
71054
38144
3130
77341
68757
14122
47006
25758
22312
36100
34063
42761
12877
14754
25694
31043
13553
38838
65129
39059
48078
77762
20346
35821
13032
36824
19370
70557
39434
55515
64062
19987
53981
6191
19367
39956
74596
51542
5087
38687
44222
74472
26887
18437
71895
73597
59042
54826
8338
43822
46354
23534
68159
27359
5835
28782
11973
70683
45463
4628
45372
72898
9397
17440
20050
67864
24132
66005
53776
24290
62615
65942
35489
4407
13400
30023
20091
13411
76435
49420
52266
10594
8742
17945
72996
22196
1227
18274
36414
49896
57688
43665
74051
73297
50203
19414
842
56610
49498
35550
30752
17340
48774
7190
64612
57397
75070
64242
69427
45614
376
41569
24567
56868
18105
19335
59202
50305
18456
17461
56989
11852
23985
65420
4262
70010
25942
37889
69213
5880
70688
78054
170
16542
67645
35080
55904
4931
76454
72822
1023
39692
77709
37312
61956
47397
61816
75688
67708
49839
53343
15760
13745
35693
38991
60468
43584
3992
47720
44328
32736
13892
9542
19284
52383
49055
49067
46869
10209
55211
31559
54473
74188
66827
19620
9939
79117
45140
50565
25480
48812
58399
47224
45625
48887
50443
33685
71846
41960
61390
34060
57786
31215
11223
24548
63513
28040
31590
11048
36357
59674
62692
6757
22170
74528
21349
23180
18249
53244
45258
46665
12539
76296
10194
20146
69640
33594
55946
1584
39996
4321
8905
28243
63330
78260
31189
7439
31050
21723
6466
33739
66135
76596
50422
278
55756
61097
39993
34477
15136
72648
71905
38932
56234
70598
20996
15630
47919
28881
76619
61516
73015
2276
66953
57202
40774
26926
63060
6348
71067
14661
5480
64983
40146
76320
5203
78253
79856
52625
78976
13285
26470
29426
37845
24120
76956
31054
924
56984
65827
40538
48018
76944
62235
4872
646
51991
63720
79409
8076
15528
9753
36495
61593
77407
36559
14208
25563
7330
47099
52802
48878
39311
20301
36190
46874
34925
16931
17196
75027
75196
2008
68130
76213
71862
43093
68404
68581
29798
28922
40812
18274
51631
13768
16118
8420
57091
40955
56662
62538
23833
6657
54627
67342
60000
66373
6863
59056
74545
16321
79120
11689
8374
56728
8049
69982
43243
61333
45304
29451
17540
15948
76965
58133
76557
49016
1560
67539
23796
79824
6222
13271
59512
18095
63820
69584
39904
25957
41532
78776
77806
44669
16909
18838
32751
20532
10639
65809
10059
64508
52071
6452
77009
37171
56320
9033
46858
14735
68952
23611
42750
74379
709
47418
23833
30535
21291
16716
71608
11976
55371
25600
18853
67627
49123
67974
5264
43206
51381
5703
18857
18801
56286
49516
71586
18063
75890
36517
49705
32885
40546
67310
28003
14679
46450
6371
62835
7129
64678
21880
8229
59472
51617
47946
45393
69019
30349
26009
77680
63062
36141
47819
65902
51154
62671
35359
14510
47797
51272
60378
5425
52862
11796
66072
17342
14060
25548
75287
34560
14846
48948
34195
17464
6360
38617
39575
39519
48198
57819
74913
42300
16528
472
9907
55882
16717
58225
25323
78714
60174
10714
47546
16590
11524
47501
22646
78765
43890
57228
47944
1033
79574
46054
524
17212
24508
30930
78888
5075
32728
27079
19185
9207
68051
42993
65558
77171
51595
76411
1052
68236
24853
13256
47796
43678
28516
47018
1470
48524
28629
53237
24389
16808
6537
23657
65034
32754
1127
14501
71043
41599
66376
16735
1121
55092
20319
32821
13272
73658
70927
20411
57965
71162
48898
50927
12271
67290
36926
58524
42846
20726
21198
27309
21415
54081
6007
22916
46597
75496
50472
75886
72870
24827
52416
22250
23906
3644
24786
11066
38330
73139
12262
5447
56554
14166
28632
55012
74800
56932
9241
42360
24945
28492
18671
78694
55844
24364
4355
75332
73973
63272
35855
15552
60616
73745
52238
38808
2518
17480
72517
46389
47493
52273
64253
60153
51482
78584
11814
46371
56057
26360
18616
3412
73601
76695
18268
9750
20624
16715
394
58664
18832
62214
61974
5226
60488
4229
39286
53242
62432
41670
65343
64630
16498
38093
40665
27027
18501
18076
30113
69830
70505
55483
15463
52581
39944
6243
33670
57588
33734
72537
67044
11895
6567
10179
57549
9319
42023
49219
28290
65024
6160
58796
27326
12485
30373
6087
19692
21925
39181
57821
1915
32629
36167
78839
79346
37295
5820
29925
31641
59801
19909
16941
38309
69271
44936
1745
8277
10403
14254
5481
59824
16312
67574
75591
16541
75253
56567
14842
48589
52633
23455
55309
65418
46935
47207
40622
66193
61095
17044
59841
68965
54230
5172
26663
41556
53404
10508
54764
93
38758
44698
46910
173
71064
34069
41135
17166
28654
50888
57243
73617
36500
49968
2663
22065
36415
49327
56277
50812
12282
44454
26364
29693
32807
44179
54553
75128
47423
32922
38484
32749
45976
1165
44414
76503
3222
56520
56607
11891
4688
36259
68242
55300
17122
4247
70543
10265
6877
57964
60656
4731
61616
52781
28689
42705
9462
60384
70624
31246
66206
36962
43222
43704
62628
16354
72347
27366
53939
67058
36615
34629
71576
34277
49185
68989
60099
74676
73612
49447
60966
79316
22742
29341
9098
57331
36930
19583
42084
39000
39654
44239
66659
2438
31612
22321
39999
35290
61512
28487
17891
4663
62073
3553
27759
49595
28706
30750
27858
66294
77552
14417
36927
14170
46921
64362
79791
48481
65788
32797
8551
52791
75366
4080
17069
21890
11408
14387
55876
5557
78720
73890
38632
8559
24649
14431
9949
67110
60175
48551
73524
52393
27657
23
11432
64541
839
71606
8727
63982
59774
54205
56817
665
11162
35236
65511
36092
49853
56934
44411
30345
72922
12328
33028
59431
42772
14288
35259
21968
55720
78774
53866
3938
38976
76141
26463
3135
69796
14071
54850
49083
10004
53863
9074
59080
27414
60834
47325
7380
9610
3385
50032
44313
7892
39013
24740
68451
9206
15366
37382
22375
56803
48034
61302
36790
28030
32976
40266
65609
37726
70326
64050
24464
22546
19149
79954
46273
55332
12132
51648
10783
6248
78997
5429
12267
21476
2679
66778
54114
70176
9411
36838
65227
21360
304
34964
36759
6082
36659
62362
65661
54721
4235
61237
41974
58336
14195
68817
59286
77381
3307
7015
42973
27308
46635
33594
50641
11412
47945
33114
46892
76074
22259
5286
4550
47508
69362
10827
62446
33975
75176
32619
52915
51129
49965
11489
48195
24658
79643
26088
23816
4271
31555
6015
69027
32913
62838
33933
31799
47698
72990
39360
1694
43711
28745
23892
52749
33807
76555
10904
45920
38532
74598
44391
73628
78210
72333
70258
15810
18179
12702
33658
36870
48495
42507
49020
26995
17949
64218
32427
71148
51535
42551
12502
78142
70137
7918
55764
14681
16093
73855
11497
31185
10515
5627
71721
34212
15357
2443
2644
62780
39554
27518
19353
22244
34451
953
46968
70287
75809
44157
55867
17063
60827
76215
49705
48667
58027
18571
12454
14523
20864
32249
30515
30483
64151
20449
40598
27560
43873
68648
51720
39348
19590
15868
45459
18798
5105
6875
43212
47877
23702
59817
50146
63616
2240
32048
6182
34397
12627
15087
74505
35468
35237
75429
53856
18392
78217
19914
44284
42193
7319
62828
15937
62837
36973
8151
71315
21556
5229
16800
54427
22302
69510
9479
42618
46139
49830
65511
32105
48879
70258
3586
26086
72223
53466
18801
845
23742
78689
51011
22701
54212
18421
1969
15570
40275
47556
34703
29962
55614
41200
10467
50588
25493
232
20165
28512
19572
10236
43711
18611
69606
58396
18401
43668
56331
16
13802
8739
39349
42956
54669
65881
62069
32537
65054
28248
58826
45215
67421
18862
42866
17358
2796
34004
52408
51963
45607
21415
79645
14419
14946
72842
37351
67294
38852
18771
74290
49205
17531
36296
29552
45590
43857
21479
24145
27691
5290
73533
4034
54258
1698
4673
61527
8928
21176
17414
12480
61460
74499
67816
26866
75986
13575
62064
63316
73185
46339
14778
38500
21412
47694
26404
75565
65683
32014
46345
59146
31165
77610
46563
45880
73406
38669
42091
78491
31504
8070
21151
78876
59255
29080
25714
33315
76062
40196
26840
4104
13040
21750
57799
51009
55837
62862
27771
58653
55750
71775
62165
69305
32659
1524
40762
32652
11335
67776
6754
74480
67103
8921
49362
35572
24335
34017
27280
32258
54724
17137
63271
44485
30884
3175
21614
60083
39836
68037
75680
41098
72187
44020
75156
26405
64004
79251
79607
72627
53767
9640
2204
42024
66765
45384
5298
62236
40383
55615
65593
30574
49006
79255
34297
7992
55685
3936
46661
49584
74804
5532
31810
25002
27295
37229
39833
602
5452
29194
17467
23569
62150
39247
40918
56236
49733
33858
65655
36926
13590
71326
25435
23987
77460
40060
30059
75316
30798
70930
13102
1154
18638
31169
63106
8885
62866
77154
26832
52076
38514
54698
49490
10029
43874
9445
79395
58413
19182
29339
33994
36601
32014
9575
38141
35119
71284
73134
17330
70526
34970
43288
27939
69221
64745
15784
39732
62100
65335
46806
14793
25483
25369
28145
30565
8468
54061
34758
47315
32448
54522
34581
33205
75446
46517
59900
524
74351
32007
8880
77995
75088
14916
11334
46203
48818
77625
72044
52068
57070
42488
76741
66318
7222
14834
30344
43342
60193
48926
35508
70744
54041
60256
54573
17049
1003
33254
33407
57848
63498
55740
6566
76614
9708
49447
75869
26197
16204
45013
66581
6780
59319
41738
5677
47976
45516
74893
45243
15315
32098
50680
42251
49424
12744
11399
36324
60752
68119
37728
53528
10882
2292
23991
1701
77025
63979
65173
7766
18806
22306
6578
77432
21945
55336
49959
31408
54381
53310
51796
49953
24962
5219
24015
20525
68103
6800
15466
53966
30672
70712
60411
57105
6996
17685
41036
48705
28027
13851
3754
47869
70869
78971
59192
76801
61250
18233
74888
32042
56329
13969
15709
60079
56959
51108
64139
55911
1946
10803
71020
59165
33012
31338
63921
65773
75333
15961
57865
78905
38114
26897
722
7216
62616
78036
78761
79123
47243
31229
48086
77541
12998
49799
72939
10369
46449
76012
56384
59411
35991
56171
42780
36846
1615
8576
61766
67663
66047
17659
2675
73835
79281
35412
55869
67564
79156
3199
78612
74447
13648
28941
69458
11587
8207
73379
64715
70670
12369
12871
47362
73124
58687
4431
53295
46230
64806
22230
8649
29419
33583
15310
57933
53854
39886
37307
35189
42237
76047
74707
44448
27130
16746
76485
73346
63741
50744
21707
72529
77210
79851
1120
7700
16258
49479
73308
51177
27187
51308
56335
12333
78521
64042
33985
4009
2071
6574
4824
44387
17272
78909
66870
5865
59843
5816
26400
76172
51937
58754
73143
10047
39168
31678
34313
66322
31427
60460
75642
35900
51895
15212
19985
27077
15928
66599
34661
69354
3589
15268
1061
13949
12896
77112
78364
64426
62891
12642
33364
5653
15272
68187
7196
21571
584
28801
75555
56311
31286
72089
51106
19157
21817
60009
25962
28624
39025
48981
20389
47260
58
31220
64312
55777
65298
51523
75363
18315
48843
60078
46751
31570
77112
65309
67085
47080
17557
59925
40744
12315
5460
2968
10737
2787
49988
61697
67186
70757
74892
37013
65287
79167
79538
38126
60221
31385
48727
16313
7483
63522
12476
69678
972
78113
58517
43279
5150
33821
50777
157
9629
59524
7795
73678
34285
13257
48617
50934
10981
23420
3879
78221
66336
24539
61681
36300
21737
51654
77893
34829
56524
51624
56030
48387
23649
77774
1973
2784
31041
34461
53356
78701
64681
54216
23921
44693
40375
72708
1997
14264
31137
72392
13489
49505
57991
17303
18218
69911
56895
28158
10688
9531
18047
64108
19783
34294
61591
46807
45432
16740
22749
71812
53971
35645
37775
55856
79121
8331
69469
66571
4730
34404
77803
20535
2593
28864
9610
8850
8764
3293
24409
76040
11209
5983
15742
23262
17924
1454
4588
22257
6680
79055
432
50111
35329
47779
4682
70757
66521
54794
79659
27729
25266
9589
25185
70595
75929
71195
25684
17598
31934
46296
57060
48468
53108
30918
28625
59627
79749
3761
27010
60540
77995
17456
63053
72862
47936
23501
47378
67312
55587
52250
15261
77262
74754
31985
57050
9577
8943
68146
28892
5116
71772
68724
52925
2633
3244
24356
31035
76019
56176
37895
67230
17601
31144
70365
67846
7247
39183
26764
44166
62782
937
60991
28215
61739
21204
25162
50056
34663
42914
52035
5960
58814
39490
63815
14390
37324
5647
25788
65452
68101
71550
65325
4850
30616
12666
7866
52574
15090
77739
30107
7605
1645
11459
61647
12321
47079
48958
40627
74882
60718
10420
23832
56335
41192
50519
40800
74995
22066
5802
74425
48123
41528
40784
73375
15738
61272
9484
36701
618
10394
53268
76727
50253
25515
19756
77461
10261
28973
43484
53428
55180
29337
31090
65199
43677
25653
36883
26509
14085
57808
55240
43506
67502
45649
51800
55351
24890
60601
24830
9355
28859
3433
11444
11635
18229
54618
11891
10634
13449
19870
21474
16807
64330
59462
17687
54601
10149
38878
14867
56053
59268
29185
76444
8668
15506
43774
53286
29740
57093
75379
44472
17189
78399
11406
44288
21851
32579
830
57443
32722
74690
72523
46251
55929
20019
79568
32495
67472
33537
29768
8014
32561
56699
48339
8064
70381
31571
60004
7762
58456
5404
16090
73261
7641
28065
55661
15817
25686
58460
12279
19890
49110
53655
40102
68505
40665
16619
21403
14024
60443
47170
24938
65427
55980
9163
70302
50444
70446
39542
2617
69965
64164
57437
6444
41992
65486
30747
45476
42998
31067
62134
69511
27284
37531
75155
72860
52320
17443
55392
55289
34019
79643
62659
30785
15386
60941
21972
79941
11475
42553
17353
4027
30544
46655
59476
74469
24570
38167
72538
68397
12029
62933
75774
13219
63259
20660
60247
51374
26531
20152
12497
26996
4792
73045
35445
42112
34271
3684
16690
10469
32736
76901
79531
37297
65057
18290
18388
25161
5495
65172
74693
7156
9911
19697
50086
43524
78339
32768
50136
76340
21382
20123
44811
56170
76854
66894
53161
37316
70809
78044
52649
73508
15973
38886
12517
49222
28305
18501
21344
14687
37655
51495
18393
43126
31358
58759
14738
50840
21559
40435
2901
54933
10505
55161
33567
16324
6877
26183
6808
137
5626
40511
16291
20737
29870
61843
62784
9963
53949
7364
13374
26169
30442
45138
52328
6367
40996
31096
26608
58275
72402
17331
63023
23728
58205
17643
25801
16394
15946
79193
64737
7973
26106
4333
78318
17070
57149
13860
57788
79255
19462
78222
32711
47013
8162
38693
63088
12212
30893
4900
25840
55621
73052
53052
63740
48188
72062
21678
33612
3858
58147
26110
69457
26755
56580
22698
38656
45428
1969
58643
19709
49175
76381
69384
63962
27814
78771
34975
28375
24423
33388
78289
39710
64882
40948
56026
62196
58709
842
29333
31234
49414
19450
11681
57236
12386
43809
20974
79232
43054
77644
30457
72023
23467
45884
54869
29086
62811
72927
16725
73008
64916
49239
1080
54316
77385
41663
50478
27419
63229
37720
55915
29923
73226
6909
1953
20535
38737
17789
38007
4559
9397
14676
63120
78880
53432
39658
74234
36185
31916
13340
20369
27770
70038
11085
5615
74064
62438
22088
67456
1102
56405
68825
34322
30653
12727
48180
25064
73237
12217
47868
16487
50139
45558
9095
33059
17291
50387
26105
21448
46107
24299
14444
33844
51037
73413
62215
6661
8982
7561
43928
69924
51195
65342
7084
18453
54627
71982
41351
16098
18705
52892
54174
62370
18679
45299
11111
16436
2129
14677
61841
52831
36867
63533
52383
78487
33243
35348
70654
10365
69832
30274
77520
31913
58327
51893
11382
45680
51602
52631
75069
26006
40632
62178
74354
13374
64111
37611
34090
40329
3948
61254
28520
34066
65870
54314
45304
34982
64140
78803
18562
12275
31054
41451
35950
51736
15011
31520
71044
18384
46018
46365
39008
34583
76728
37087
65629
36525
43436
20852
3824
47982
19608
41820
34960
66258
29958
70726
43964
53374
2888
51923
26937
64423
41498
40231
9490
59268
77686
48715
35623
44555
954
48997
4617
47516
75199
51044
2159
54770
36370
48438
68126
38111
15717
3528
4592
51070
43257
66085
12655
67141
30940
57130
55643
71470
62987
40499
20349
37283
11566
48985
49990
77449
79881
56068
56207
37487
54047
21260
67720
42660
72812
46107
46743
18276
4880
4251
8212
14910
32853
4331
40430
51336
67750
66783
38745
75911
56689
68921
57732
76861
68291
7400
74758
14317
66239
40033
12339
9343
3184
22670
23699
31080
68118
40731
61559
52314
54767
44406
22052
32189
32263
52991
62655
24783
9295
25396
15151
32349
77293
34551
33218
66849
56405
33700
52001
54183
60822
9004
37522
69323
69355
68435
32392
21055
6187
40709
67137
41842
29991
75353
31163
27634
12730
77711
12864
76337
29398
78416
54573
70823
75010
69992
16436
17394
4635
13973
36293
74698
16974
27049
24231
58359
23878
37005
15623
6615
10365
7907
1555
1808
66792
44341
38106
57672
12327
78331
44926
55218
23879
7577
18803
9209
5376
24125
71075
17527
57988
28885
11058
68049
73599
76068
25229
69426
53184
25742
68670
66717
22156
41167
37560
70113
60549
16026
16959
70868
42870
6541
65534
5387
77503
72792
78292
74670
46871
66397
51189
26819
46664
68477
70232
75931
45986
39220
16212
48962
32193
51111
49509
6241
7754
11380
14043
51305
46085
10552
12636
67432
54655
45087
57000
24001
73757
20638
24053
74183
6356
42675
37819
21099
47771
43532
45242
63584
34444
5911
68755
42347
40474
15428
63362
26029
12370
48117
7808
54314
70802
78190
25519
57784
78990
28553
30357
63927
7422
59376
54863
14118
32311
22658
15933
52229
59863
53487
57287
12892
30746
58357
13583
3453
1244
60175
42570
62013
22394
77824
5673
24266
618
10544
41401
20184
28556
45690
48783
40315
79966
553
39791
48882
35899
78855
31674
21943
30284
70925
34942
34539
2396
59696
74138
8240
3158
65874
61763
73381
75352
53586
76871
48354
18718
8313
6745
57424
75569
23319
41337
41234
57763
47150
16029
38630
19830
57130
69920
9751
35328
42621
77071
59239
14693
43670
30478
32433
64925
18526
68358
39821
17687
36440
45767
35774
17123
25623
29246
72584
47762
11790
7000
42370
13092
68312
42042
36033
75045
18792
12156
74907
13210
47149
21052
28017
30626
45869
73471
53252
22734
2612
28358
27818
70337
8263
64888
11718
1061
70917
43720
43848
42176
12006
9033
45796
7981
40621
6026
62109
5215
34269
34661
52434
49847
69060
16311
61557
68564
56534
29317
35199
60486
20653
47467
46023
2152
16218
48269
25436
26164
64411
23297
58378
56762
24013
79650
42787
40844
15946
69677
11121
59038
8337
47011
23213
57459
69611
63177
8616
37771
54924
34364
79920
2850
79338
27524
49677
71089
48758
5101
32356
28468
12103
55920
65265
39800
37144
75001
713
55940
55844
27283
44533
10370
56898
50883
58140
5977
74065
77044
13493
11724
5252
60258
60123
51114
22215
18235
54096
13256
3206
33702
30269
67224
56360
6172
27530
77126
1736
463
73988
55640
12536
20112
74030
66148
35346
19183
76337
27256
75551
37841
62567
19253
14168
9391
57556
41874
28933
24235
77228
39736
24876
15799
9576
60532
43055
2405
33185
37176
62395
46253
39082
35504
76432
6128
53601
42142
18471
55479
17436
32121
35488
24825
69897
33488
49823
20657
45053
68508
61062
27446
31266
41246
57777
11118
77593
13775
5272
29180
5373
73836
52845
53346
73594
22179
50231
25009
685
46506
11939
73754
47910
206
20564
16680
61880
38615
62484
65543
52638
25482
54469
24763
3320
597
6871
32285
76931
60875
3568
25030
11549
27115
52314
49708
39392
14103
29575
18485
26372
71152
55335
78463
41484
22612
36290
56927
20973
54455
66711
74509
57696
35460
18250
41037
5157
52969
71890
40053
17922
38359
2808
45524
11745
1614
43506
56842
29809
25022
50265
45982
14685
50930
36763
44908
53597
57381
77106
24654
68479
78845
65103
73690
39202
39226
236
77383
32008
74005
12723
38820
5116
72230
65552
51649
45876
2829
72117
6647
60910
30321
22052
55584
30901
30622
59006
79923
69930
77781
33057
10546
66400
67836
13604
51913
76014
28429
39052
34797
70425
35707
26359
72481
17847
57666
22011
3506
20130
31246
67928
48583
66812
16168
68970
50302
58954
79749
37262
22875
28998
13398
53022
58244
38344
73705
28365
78021
49233
1120
62748
53077
15212
50148
75398
579
64848
71515
16559
59312
12402
34263
7449
7162
79075
11469
36252
49661
67888
75197
8425
46972
78798
4046
44517
31002
9495
20778
74182
68517
28615
125
13980
25074
15407
61002
28119
54767
32939
77613
50816
39726
16802
75916
58130
29738
70149
62635
43793
46596
47379
31640
71942
60889
67532
46491
30051
43662
25653
39060
54483
45509
23055
34212
1766
6234
9342
22881
10114
55600
69769
4915
3288
37474
47220
44422
24142
64615
60889
31165
46186
79660
52314
59787
2227
30703
68377
33981
40051
59944
71333
35693
22887
44977
15134
2082
39795
39473
8751
48484
47486
49616
20631
78424
5569
52294
79958
57532
53703
49471
52124
54036
39312
60550
56443
72444
12634
62142
58332
68595
62345
55045
6923
64205
76315
35353
79720
59166
51307
75351
51946
3565
1607
6747
39327
2958
15109
51195
35422
5698
7989
50087
60302
26912
73500
36939
55079
78379
71004
43145
71114
46401
8213
63553
44905
11592
49681
46404
66638
27240
20527
27565
26063
29701
75432
58031
13110
79701
64541
14024
78869
33051
11582
69393
57186
70158
33249
50619
56874
64006
46762
6736
64132
75424
54989
72667
45147
3195
12124
68440
7403
46842
10667
3748
38353
34890
11396
33650
1672
55593
27574
4345
237
76196
64505
46830
13613
17675
23500
30968
4648
62879
9581
54209
19505
6435
45243
40744
69246
45404
4819
1824
6008
32519
8489
31586
16551
31944
60844
21263
50210
65510
61443
65637
33010
20812
35805
8015
7324
48538
42490
3719
65283
52997
79608
38632
79159
36544
62509
1138
73940
66168
20343
16797
53785
50867
35429
40254
18304
4708
5052
64669
56543
27272
5933
62801
32174
36069
78696
4727
34849
21458
21155
15041
48687
41930
29264
8649
33981
25608
63585
51371
63583
73313
23608
3624
48326
61401
5289
57143
9657
62079
27789
2768
52300
9455
18945
68974
11209
6860
67282
45199
47455
32045
29098
50941
75806
59742
36579
12610
47027
45455
47394
27604
21677
70681
54347
73037
56455
20221
8483
19925
32603
39854
39457
48843
58163
12020
8651
57664
78163
23839
14821
54734
11163
72888
47123
71969
55710
19745
70122
23006
10807
41916
402
24427
61472
12079
51178
67010
61278
66506
22853
43913
1703
30373
52783
70155
33178
79754
62186
60190
50782
51277
73563
66615
30816
36454
66328
43247
11740
47049
25469
21218
58620
9671
58607
39957
35630
73033
77213
39823
33289
31809
51042
64739
49752
39983
50079
7843
38126
68522
70923
28445
70695
12730
76156
43345
18223
20787
73762
79792
16711
34936
13245
42573
29963
79907
46087
66251
4941
370
27246
69461
45534
72170
4436
16350
22531
14320
22059
37143
12957
64327
32295
2959
16677
14511
18599
8191
64353
18029
44644
27176
17187
69038
38727
61724
9990
794
30106
25033
6115
59593
56488
79311
72847
63043
13657
24303
2594
31390
58227
27922
8287
55196
28191
66281
76960
26991
4769
47038
35603
65751
61146
37475
66810
79338
73008
78336
63043
50758
12788
68727
38627
20088
10880
30178
75141
37026
5636
14388
62143
62474
48822
25513
30958
15863
79904
41678
40615
23697
12508
60567
34115
21096
37735
20547
48697
39970
75724
43077
244
64591
79352
6817
70628
58128
58953
42610
4764
24418
27229
56551
4950
60842
78324
31875
23658
45272
79655
17133
67991
58230
1273
26730
2172
37731
53081
10614
46895
36843
9343
63936
21141
52350
2914
57493
23921
17701
5265
9539
17916
56576
75413
44140
17343
18276
30528
7060
18604
36899
78665
54671
20226
78995
1345
13550
30640
25623
48527
48161
46905
3071
45016
52846
29434
51081
25834
4646
17991
29137
45389
19231
50134
52092
34031
28453
28263
29408
45173
50988
25292
41871
11797
4987
27805
1741
64602
62227
51485
53609
53121
17142
45259
42219
39997
52618
62742
49353
57655
137
33107
45565
42470
28552
75834
25777
77105
48607
58374
3876
26141
5547
12303
4909
18763
27391
18196
79912
36862
60562
74346
54800
15206
37505
48171
19363
6612
4189
36452
24603
49576
11411
72483
17169
5344
26542
51913
20463
58717
56715
78240
26280
1215
36991
23177
33081
41886
15063
2539
12825
71772
46685
47175
74777
583
13027
79240
59950
12805
34184
41614
53296
65501
34403
63500
23260
48214
8308
65422
41612
9442
58378
55564
43967
13400
78659
66345
37369
20434
45623
41401
31632
6279
23102
20930
62615
77224
54457
76223
76492
34236
22792
36915
53898
9657
71764
17992
2161
31899
39222
5297
34745
19347
28484
71489
42611
63803
14011
59128
67039
1503
57013
9596
3128
37646
41054
18344
44713
6563
57979
36867
43054
37949
11948
14698
2654
10752
76398
11592
78908
46630
49437
78146
25673
27558
42330
65962
29617
66086
79957
25793
16842
47479
68688
56
31342
22045
35187
46746
1435
61325
78983
53800
17560
17597
53833
41059
22189
62725
60315
22146
10759
16430
38712
48117
63550
38388
22048
52160
25335
12466
10527
29675
27006
60050
28128
46782
36963
74701
8537
54950
46564
49950
21151
38494
31916
20230
19687
49997
62915
2034
8791
67185
30512
65031
11556
40804
6737
4016
18340
39980
22085
71289
827
39365
16057
40784
42647
6845
34564
31608
47819
34204
69576
27550
40848
54284
49943
44651
48930
71629
17255
21518
39841
40461
7649
3378
2671
71235
71466
53745
27540
28588
30998
16168
11322
8954
66444
28272
76535
41450
27643
52796
49042
63202
717
13447
26842
18447
33116
11328
78597
54470
66671
819
49013
7543
7276
58675
72724
15914
23343
69813
23976
28035
16661
26670
12433
52337
22982
71829
33498
56070
41479
7176
73425
17159
18894
35262
35314
13350
74127
3871
13093
41770
21515
13369
79483
40478
46886
5012
74422
68926
11632
9768
7647
69931
79587
20583
9436
31597
24100
41765
24410
59636
13800
78930
13633
20948
22384
59578
40202
46658
78254
22072
14244
21920
13686
49935
17470
31518
50935
15534
28900
42108
46375
55404
27212
7188
46487
37729
47679
39425
5908
36208
60388
42791
63258
75484
50319
6300
2352
9155
78843
20602
72538
6507
71680
52916
22100
38731
12958
5902
43222
76193
32418
29276
78315
68267
58302
22814
28359
35354
78118
55627
59075
64498
11171
55205
55725
37019
18986
13066
79176
66711
32935
30312
62783
14701
13517
60886
30978
42088
65736
13705
57089
1054
53386
74520
1634
71713
17124
47785
66389
15069
43153
17678
78521
7143
28811
41961
28391
27565
47153
74541
1602
25273
44804
71212
38362
28855
77351
72682
60935
29690
16750
40747
43432
9149
59682
4565
19497
39535
29399
47965
25666
41362
62783
25343
25914
52328
36686
38987
71686
27649
21841
46855
68684
45073
8998
75482
4835
75134
1581
42532
32897
68371
64761
58570
56522
62924
36293
25180
52419
71150
34595
20099
16703
31665
41080
79366
44987
49000
3813
47571
29010
48506
7367
62416
74565
57025
19174
77568
4380
54523
37017
32755
64815
8479
8326
13472
37642
8225
13267
41666
69439
33354
45486
56859
24782
77989
12961
34214
69669
56509
4479
27920
14266
27853
53452
47427
76053
12758
50311
68775
4044
45235
78830
68539
41203
66787
53076
34603
36535
75846
63979
63397
22106
68627
63016
40967
67101
60124
71283
44881
5024
50807
23190
51792
27222
27223
73644
23461
63010
61202
36236
60905
11792
76695
78794
26784
15485
25993
24328
21127
30662
24661
73707
52429
61275
10017
6477
48360
37739
30389
74250
27767
40995
27217
24925
14189
66677
50868
74047
33095
11564
51753
62454
78968
60382
55076
17847
78997
45146
50756
64989
8447
22275
6292
38519
56161
36725
62572
18996
60437
428
49958
53128
15611
18982
59763
10702
64110
61436
6220
52368
49612
40123
3989
74294
42952
19048
40399
38963
48268
59715
40310
58785
73487
53306
71355
54475
24076
79577
71343
68345
65356
9146
76744
275
6482
51211
37059
18462
34370
59104
5908
7275
70763
68209
63947
20373
58653
72987
35203
60343
40291
41540
37637
58797
59045
18060
37271
37143
68524
67537
55947
3055
28402
56516
24843
37482
66844
32925
74762
29264
70473
72690
11356
18068
36593
58098
66980
71364
37571
70675
44768
28911
68454
79384
55199
1312
37200
33729
77626
11426
9589
12941
51691
23838
11406
30022
35541
44632
8678
7389
44591
58787
18566
25023
57921
34661
11324
79275
27150
74083
45871
18983
48906
54123
72996
14843
77241
24983
31784
48710
73104
51697
3995
53615
17262
10337
1243
36028
39887
68662
40656
63703
19903
74155
12429
70980
61614
57878
29307
75705
73203
40885
62397
6106
5312
62094
54219
1553
38643
75309
79920
8748
3981
72258
58099
6559
8975
63169
47375
11624
12828
32849
33404
47429
77834
16065
59551
57532
47364
30061
45038
15914
31104
34371
65760
72313
4479
50032
39767
17236
60349
34421
32624
60874
64178
68097
64928
44420
21590
61303
28471
24272
78897
66394
78796
4035
58007
46226
26261
1590
38864
35988
27226
65875
53125
47416
10481
68504
56176
20988
5967
48541
21349
16175
14456
35175
56880
45968
5286
54804
15682
34729
48078
19273
29484
54336
63335
35138
37790
20126
61911
25679
49962
54111
76934
24725
13505
78498
52193
22573
27487
38914
33228
28703
27225
66577
62251
4358
31717
5779
32919
42379
11585
32448
59366
15039
51643
47761
55582
7582
44133
65092
62140
31413
57627
18097
49781
63272
30670
42348
21924
13597
12414
44039
15513
48012
55265
29499
22903
41141
43505
12294
3754
13805
49886
5783
38922
66183
68486
54337
27656
35304
1955
63674
51182
30790
76474
68686
2199
5335
76013
35905
29416
73828
53037
28556
3862
77102
16132
17719
70210
13451
32550
77149
9186
25465
58496
66987
29620
34425
51123
49157
70790
14032
39094
2343
3254
55289
54846
75865
61757
71876
69240
39595
75527
78500
52248
52618
23983
43044
32099
9272
40791
17429
26519
51177
33436
34021
66266
43178
12543
7294
62172
5887
24957
8781
67834
25488
22991
2798
32465
71347
1558
7972
20273
53910
73690
63450
78034
60651
47905
58253
11848
49111
29050
48258
63869
47046
54969
69770
3183
45574
47973
44663
70831
68241
2547
14172
42972
74744
44954
22328
39644
31370
78675
72561
17724
71309
428
50548
59337
17976
79695
42213
1829
56084
41221
68796
38839
72212
71977
52826
7117
14047
5447
13088
59509
21759
6120
7560
56465
33620
52197
36568
18062
9799
56678
11046
23924
3422
54936
60942
33458
7746
75235
56008
74182
75222
28460
36025
68003
32186
11919
12095
77132
36992
42860
27950
62023
25893
40213
14970
68632
17442
53895
42234
43097
21555
52194
50669
76517
3576
67735
36118
25042
8194
56058
29669
31225
55334
19009
5309
58396
64102
45127
27084
73367
46504
34652
23430
13355
6422
37213
69852
35924
48609
22036
28232
7728
36339
45554
38728
56620
24629
38369
26767
76616
30194
57260
42332
6493
71928
69414
32467
37181
40617
62481
12510
23472
48867
69043
10274
10976
68160
37286
24650
75243
37164
67175
31643
7994
42686
15490
43590
23537
12119
2180
49465
70690
15137
29456
75211
2358
75427
74820
73662
2904
44106
37132
25725
55601
50358
54332
21390
67726
47994
22379
55168
64845
26674
13253
51509
30022
62316
17896
58525
36044
52717
66141
51174
23422
13112
54813
77381
4196
4714
38310
3096
58292
11178
30298
16951
77987
38365
74262
25243
36263
8217
4279
57772
1787
25423
11475
20443
18607
74806
8656
48344
60235
38007
13750
21543
9844
41409
37140
64373
71121
65977
39320
28518
64624
27500
41121
22328
45062
57809
12450
7072
65066
30192
6728
59388
35940
22922
73250
34038
47367
52577
10525
58860
3925
3563
38985
53031
652
63328
26040
49583
43287
16878
21110
24550
57659
32942
60587
39783
50140
22894
5868
17913
26013
68314
61616
314
60577
71721
2202
78103
70453
66183
24085
29154
77618
63350
9329
68837
50560
47304
15124
8495
25743
56017
77303
63824
25130
17024
49503
27695
44678
24152
7403
71440
33506
64289
19224
49849
19506
74549
5226
13704
15819
19926
42757
66652
2047
59438
17850
58647
78214
66340
54290
75711
8856
77733
77480
25923
45799
24679
40542
66388
24078
50813
17465
8617
15176
41732
12528
54737
10777
36751
22627
20009
20063
17768
51869
25025
62258
7012
24344
62191
77665
77760
76065
54803
25301
52194
31843
4149
30075
12337
4352
2431
73
48482
64664
10154
54133
61064
15579
417
66946
24048
57308
14968
44824
39572
51802
24889
48276
14718
65546
20608
1415
63266
36008
40964
3601
50814
34935
30089
62192
74303
79717
55741
39654
32131
55553
36791
22794
74737
55933
5083
51909
25602
23027
13780
34744
7643
65183
37325
42314
40302
34399
15634
75011
9313
7169
36488
78241
36977
68428
36006
23956
39471
7799
29520
10582
54397
13422
77383
68257
42757
1146
46568
34286
2403
31709
25194
16992
43586
8150
10211
52565
1577
28384
56594
63220
7796
28625
39046
36343
22075
22972
15032
60045
78327
50419
42982
33442
69207
26167
44804
69258
28531
79334
22033
57378
959
39828
5605
22348
75479
25676
17361
53540
42687
26919
15210
7748
37046
68065
2785
20893
66857
59103
19182
4880
40285
72424
26908
272
50699
23217
79652
24673
75019
13801
20466
65684
52302
13852
70976
27857
35355
50958
70485
72976
35699
57813
68219
76528
23147
58446
32240
50546
8096
67219
35175
51055
41317
28099
22003
39750
7464
61518
21786
53585
61205
11710
48000
27980
56309
14741
46566
41035
46991
68865
33956
45308
37493
12790
7807
44584
61549
48706
49049
75981
70555
26612
18069
59329
21914
51648
40074
48949
12100
40589
9656
46928
58871
46842
46039
56955
11334
1519
74470
45648
4028
3450
2387
31694
61976
32066
19851
46429
39017
28545
11492
52828
4286
23570
42707
30181
75342
31742
8019
11642
46077
6633
7456
50672
29694
36400
2200
5423
69146
33903
78973
9042
18381
69523
61029
46618
7604
57999
9981
58
55866
27259
6834
71147
67219
48534
52985
16927
66226
70119
74616
23182
19921
45714
60091
60589
22651
71878
34060
19079
55193
33992
49718
71048
18978
28297
28975
11041
20213
37795
77443
62472
8536
46651
16484
21480
53086
12326
48913
404
19432
24259
40150
61943
8692
45995
35948
68570
31731
24001
5730
5838
14167
27024
62683
74442
60801
27073
25176
32119
51169
15277
16789
76797
52452
27990
33970
37459
4634
21429
31511
5205
39274
14107
28824
27314
22800
9044
17488
508
33970
1716
77222
61717
60883
21191
78976
76967
24249
23017
57271
9492
10828
71717
47362
50933
65220
53042
15717
74978
12171
72338
65499
17494
39027
12874
44001
4266
74114
70188
19644
65744
7794
25254
66649
53297
56480
46519
41435
44920
24803
70972
33238
48119
77304
75735
10613
27791
70122
19161
24645
27930
17415
4974
19813
64365
40750
1890
46256
74476
17394
27951
36035
38081
51667
73252
65220
76732
29920
72812
69047
48302
53013
75358
75838
37693
560
2252
35214
27077
59926
28437
46582
20502
62653
75148
65922
14778
45431
9520
34234
34019
7025
22532
52994
68345
3068
63937
25058
73332
24811
6656
69175
37528
4792
6110
59893
38605
1797
60511
69993
18649
61010
10916
79479
36036
65222
26109
53971
22049
73434
74149
8324
17611
9079
3364
71406
28525
37759
50370
39826
1702
51535
47478
7604
41702
62020
58696
12358
74476
28170
31163
4677
47426
77800
61878
55447
42450
37288
59127
46720
47904
15267
11225
17150
69426
8673
25725
16356
67467
49389
29756
78169
46445
24697
2689
76386
28456
23475
78192
55222
11256
42806
12406
18450
69870
37517
13175
35603
14226
70955
63170
51309
28100
52654
64359
6865
60476
72653
56412
54593
18134
9393
46819
9967
23431
45876
1866
79518
25341
26054
47419
11208
42873
30143
55197
76323
22024
15237
38633
77727
50954
48672
23616
28833
79604
9929
505
73267
72540
67584
48486
79810
16423
67207
71231
45393
21624
31698
10008
76414
62797
56325
79138
72294
63459
76569
7523
53317
79111
59266
13522
56738
72443
78960
50040
61722
69334
75732
49176
36723
8673
33048
5066
5729
51550
30804
9115
26804
1473
7215
19856
3195
58674
52383
32320
11043
46130
6392
7728
46453
26704
56827
68077
37970
10397
17451
63067
78942
24465
55032
45752
59900
70259
50264
72195
27000
7999
27530
48595
13415
69863
64597
3270
71797
4317
76021
72464
14744
28328
53101
66912
34566
23447
56
55097
43273
56638
33233
60278
59004
64298
71443
18828
28324
60651
46018
60772
7920
79024
65264
19426
38812
31640
27145
61671
66888
12212
35214
55989
62369
63728
45961
60392
45918
75349
52314
51589
49924
47922
20520
41186
30789
53690
39872
21632
53733
35344
51900
37532
38952
71729
53882
46674
41267
17676
58602
15547
60594
25207
36911
18681
44345
20713
31901
8213
73636
21638
54813
14488
22344
27283
55620
31269
72177
58043
29465
47508
60258
18733
78858
25103
41070
43690
7038
58464
6858
69522
17791
73016
25042
27278
50147
48203
25126
67395
52729
44736
18954
72166
33547
70434
16630
21961
19228
5071
26505
39866
36873
69463
13404
27427
47065
51118
57905
71158
64255
27788
45414
608
78551
57463
62713
75866
39460
60678
48594
43222
77653
37286
22265
16398
66546
39616
77907
37889
24022
68358
16817
36884
9832
3766
31853
40122
51095
26391
75712
68819
53333
28377
39272
54004
15005
34221
14611
35781
48627
1317
6262
77122
51113
13852
22003
23942
31432
73666
50485
70735
7580
59350
37944
61727
1044
37619
22077
34039
40418
52156
51143
21108
73062
64635
24830
76757
72114
56336
6238
14656
34705
29121
8288
12233
15932
79862
21311
36657
73296
47633
60826
13521
50600
48997
26385
3169
12387
892
75758
47924
75197
76370
26836
25095
56256
35636
66935
50776
21574
29376
51388
19977
52395
5649
17311
77177
31769
24018
62547
32315
72885
66007
33333
60783
20442
20332
48007
48927
49426
61910
70027
71614
77410
59073
54816
24937
33092
33183
66070
20288
42997
55316
33755
77667
28708
7836
65094
43911
8902
13181
29586
79828
75095
42810
38941
49316
19974
46880
3554
70040
26240
67316
30515
42159
77275
46818
47712
77874
14766
53929
18354
15853
30424
15478
26341
52236
47947
64881
51977
32127
57297
16341
37936
66040
37789
75746
76532
15467
1741
50133
11970
6794
40556
45981
17212
66512
34990
36159
77776
71814
17459
45562
48358
14944
4143
32531
28689
8491
67007
39203
49143
40225
31023
77627
12680
14076
60913
54423
47152
8994
27430
56085
71534
16209
19212
76993
53143
30778
77786
66197
43727
54454
26621
7051
14735
59087
67818
11567
41927
34809
60979
11443
23705
2844
67945
38398
14211
73254
15941
62623
41044
3493
12670
30829
78811
21104
53909
41696
55854
76030
72298
20206
25399
13984
21559
22955
8656
7568
30937
60221
41620
47976
79073
9548
66592
14958
4757
28378
71794
60573
55615
14650
17496
23378
37121
55218
5408
60709
27297
19796
51712
60680
12238
56293
6206
31337
20342
31793
25066
7691
16565
67870
48434
19588
10850
1903
43262
42528
27309
5875
44936
33739
44011
5726
37499
47429
59893
78590
32545
42846
9358
9532
73016
49422
61382
27153
43415
44022
25020
8484
46747
41615
14412
3884
16621
24005
62762
34531
67213
39729
36262
67039
32565
15778
26912
56459
49222
48905
40271
11551
43449
57673
24111
51904
17923
28727
51885
8857
46240
61497
67155
40836
21197
29743
19218
14941
60301
67880
65022
72358
76317
32722
8040
44206
10027
31191
22492
11375
66287
52215
23746
37822
33543
12986
26624
78968
73182
8910
77887
58723
1738
72116
73660
20108
10316
50670
74444
41413
17579
61247
48764
64536
71964
50007
31105
33285
13893
13691
52316
31499
58875
6150
73375
65157
38460
71091
50342
6196
59686
72755
64445
42242
48521
1644
72955
25635
72911
77708
21282
32800
72448
50166
53529
33831
21017
19324
57543
50219
34576
25483
52652
41018
77626
73682
6439
35309
19866
7231
4729
28881
60833
10703
31771
49065
38289
3319
61435
3508
18
71959
32966
2240
74528
30937
5062
70068
20575
71124
49958
56504
56769
28125
26093
7989
10370
18328
16411
13066
69092
9580
43211
42637
53699
22599
54788
78054
65162
79491
50249
59319
63012
71956
54412
40073
76604
25871
23417
27652
45562
8605
3685
73772
47684
44934
73492
59120
51647
47067
60258
14352
8590
797
21452
67926
23027
46011
37997
71396
2834
34819
12394
44978
14567
79870
27159
6473
49978
60629
1381
7135
39116
64294
44306
27436
13110
34970
26214
68611
5070
29825
51030
13388
31181
1146
5920
38676
38023
71100
65649
17781
9532
41021
10116
79574
62392
24273
59621
63136
17638
3124
13203
60855
65792
23223
493
79394
1285
78570
78692
41053
18467
15528
15777
8911
17138
53174
32781
34938
11974
42063
7244
4638
40799
13206
62631
44319
15809
79467
22665
4040
5236
23973
73643
42641
7585
32627
12146
49808
14577
34457
61309
48399
71864
4703
18771
29464
49066
67954
37102
39629
64664
25127
18327
19439
10078
77747
34155
11537
5118
21377
50480
65254
9880
38530
7328
41568
42756
18242
53859
47927
28977
68395
33573
987
18268
58659
50048
37743
4603
32892
72362
59314
7618
43117
56607
20061
77110
11737
62243
47727
13799
60002
66785
53827
26739
10469
28421
79783
27479
67141
13692
31987
1410
13427
77622
12632
57252
65217
79256
14006
26927
61091
60282
9074
72147
16584
53387
74212
64156
13986
46445
70684
23506
68435
56322
35720
13458
36933
70607
74399
60294
57145
47248
18168
64849
1653
52039
39779
1380
1010
74816
18547
73080
2287
70960
41410
40213
11485
60300
47923
40014
47601
77275
40683
11884
48437
1686
62820
72386
15244
67388
23435
29377
12788
47080
18610
71253
7592
65964
34719
15412
10338
28400
33234
20107
15333
53327
79238
18100
33438
11368
3096
31862
34115
5492
45725
3199
32580
5446
18998
10621
51180
22688
55834
22618
27851
27393
68503
42309
23091
33541
12867
68351
20596
24715
22101
48995
62263
15906
32926
12903
48536
20360
64114
24909
59183
31683
848
51774
22953
77597
25245
77859
48809
71775
65537
40515
34456
24069
62226
47986
23804
28661
74098
58283
54256
76606
11018
66442
43906
57893
21396
31825
30723
53480
33529
49855
69844
36182
41492
38246
6424
28317
3862
42067
41889
12498
9621
11883
18726
30002
78558
32911
7232
40024
18157
10036
77416
5471
66403
44427
57064
50548
77300
24294
75725
57349
76789
78171
63336
9276
50945
38628
6472
66024
41710
2955
26829
26824
30494
72366
2997
5744
34944
30547
62321
46513
34119
65648
64909
46977
53020
37592
13259
48889
16248
26881
61562
22313
36047
5187
7482
21739
41828
26184
51575
60773
72535
23273
57213
72702
42164
25772
74605
5463
70831
5187
30635
52881
23919
67661
1974
62108
10815
78442
19034
33713
70100
71041
15600
21059
53018
988
12637
15677
71660
66125
20167
72938
38343
57911
79887
66234
20559
28216
21233
58218
20064
1765
79072
45747
79939
55205
22490
33511
70834
70360
37824
63920
4324
53661
28183
22537
60912
69132
75194
15676
52480
3108
42151
27228
9839
60820
32608
14154
77914
55070
52808
4543
12338
3471
64163
69908
76668
32916
3780
47155
30197
38422
73384
79153
39411
10422
72817
1212
25418
53178
72659
276
54527
41548
56981
11993
65935
69737
3252
56624
41225
30743
9980
48340
3723
17186
47920
64965
16412
12649
17963
39311
66127
58034
34785
32749
16363
31972
12929
61604
14758
51016
50278
33745
23991
18753
8300
43870
52319
68728
10594
60347
14758
21246
59146
64095
36247
26727
5249
62254
49068
48020
79882
68838
69055
61384
42962
75002
46227
22913
75164
58166
58799
77026
39238
58177
74817
50857
75142
57716
59080
68541
6640
1980
46621
49597
34054
19393
66536
13902
42930
62102
45976
61746
31585
34783
34777
41701
18841
26742
43711
63605
69278
30454
77230
52039
6422
25894
34584
31577
19708
1872
57401
44776
60526
61872
59408
54023
23950
32758
43527
7382
50156
31379
47810
65809
3373
79293
35677
55322
33011
23224
24844
54772
34567
53620
76802
1110
55732
12161
44433
23773
11680
78721
15315
13858
43983
68108
4895
28976
8299
26798
35234
39379
20636
61377
26550
14420
51412
35842
51015
61585
16974
48327
8710
44927
32863
24216
17628
19109
40973
28219
13064
63831
9123
50586
52520
46833
58357
10868
42798
68967
18073
56663
44583
50148
46254
6000
41509
49809
51905
42765
16274
40522
75940
79071
43244
612
8110
61309
28544
44123
70294
54626
44797
58849
55935
50907
34261
20974
43197
67091
63608
35206
63589
73820
34307
20286
22303
249
29420
60819
51825
42113
51570
28371
3211
444
75084
19445
72476
42911
51542
38668
22204
14916
41694
56642
15866
60756
4268
29189
46403
15472
35468
5059
28919
45134
40899
50856
64272
59049
68593
34315
76212
43812
29124
30898
36090
50536
23495
65982
59052
77717
75251
58711
33133
49555
39743
48555
63087
10658
56763
47261
75940
1740
15128
24316
52855
67268
17641
31320
76196
76363
37130
39404
72037
75138
39802
14534
13394
75998
18340
70393
61094
32159
37497
10518
76576
10235
39101
65090
49345
67714
7530
18881
53110
54279
22957
2271
76447
36392
6677
55280
30575
24630
65198
44470
28620
15508
38708
15319
14495
37803
42134
29946
77842
72773
76906
15295
33780
54455
8408
44351
27657
28053
24035
78503
67386
70043
62014
29618
37093
33201
40164
24038
39845
74512
61375
7021
74614
76573
69847
5667
39944
47318
56144
73308
6891
23877
53592
61654
56007
60434
23155
73286
52577
14584
14627
72018
12818
70791
1194
39151
29197
23257
50478
77964
19423
34960
33050
36343
31561
47643
69852
38934
53651
52702
10561
47658
23131
60558
58885
25897
58355
62322
18119
1767
17031
40066
56790
15223
5986
49628
2414
49286
71385
32627
69482
55681
22307
73583
40889
28978
63989
66398
10762
71807
26626
15600
18726
28607
24249
56982
34142
20090
65136
65732
73862
69450
45698
75488
64458
10117
25530
7870
11888
70393
295
38852
36864
21056
5239
37337
67362
17005
66095
74935
21873
64502
22284
58162
15429
32942
22790
30006
58601
67975
6832
3585
77288
25483
44973
23767
14396
59006
13233
62206
35445
33935
10910
17211
57524
58007
26436
53517
79337
69131
64974
1116
50652
78770
43314
60367
59261
14166
4784
38103
66315
28681
48590
32260
76262
60990
49477
38747
51638
56420
76672
22191
37919
24425
43475
22308
28038
13129
34875
51079
4726
24610
421
65224
62708
13724
109
27665
39035
20870
14930
55608
72140
48248
50304
8065
8301
74403
45141
29528
34000
78839
33430
78029
66597
54194
56962
24973
32176
26116
11148
2255
63205
59953
41284
51952
20827
59470
758
68923
24265
77897
28352
22270
66780
58964
38245
24015
43310
29578
28841
70085
75637
52235
16866
78696
78731
60974
29099
24464
25483
48015
19876
44489
50994
48472
38393
67678
3069
68562
42601
24697
19711
70339
48908
28116
20907
46520
48252
46925
60405
6740
24605
74225
49682
37429
23456
345
73114
8290
42967
75996
48927
67278
53684
42693
19692
72618
74043
23069
19931
45253
25349
65801
43982
70328
74069
33629
38337
4973
20498
54814
58771
66230
16380
55832
9928
53253
41688
45049
5718
48659
20160
33572
51604
43632
28746
71799
69182
49145
68039
40996
50570
32577
45760
62202
12210
26654
46354
45243
58263
19517
25804
74624
22606
45082
77357
54443
51589
37534
2528
9845
9388
69621
20497
8128
2510
69762
51880
19641
14599
27076
308
69757
18087
77224
53885
2220
22776
57181
71329
66141
26566
37075
63528
249
112
46386
15868
6126
51117
65882
71439
46086
77614
22558
28310
60997
11371
807
39217
30132
7352
78494
70071
21615
63877
72249
30874
62038
48105
24097
62175
22372
16168
4704
31008
30873
36554
61486
17832
79674
45078
68294
41971
49121
52348
34341
65283
52680
18540
31664
6427
66768
70219
62132
31578
76646
41039
77574
8339
45536
29523
31948
50811
24283
16466
15798
64568
9635
1387
44983
5779
78116
8095
43574
30909
38269
35893
21788
29867
6928
53954
22111
30509
76442
26501
19785
66405
71906
26847
38314
49287
74424
16174
48513
5581
43252
71817
24123
12093
22583
69434
2544
74420
25528
29853
11556
34982
47119
66853
48929
23238
70138
65154
9736
3141
73561
23232
45527
32315
15903
54289
60909
70615
8699
68000
48470
75505
3753
9093
45653
77159
57966
56136
51536
42799
59170
51167
63152
69141
44138
60147
27089
1837
26070
74368
30683
15598
24486
8460
67750
8678
8384
62663
7081
27163
37401
42790
79885
21093
10707
74288
8218
34734
45819
46860
14463
2987
66927
79111
68201
46393
3591
51081
77776
76461
5859
64655
8211
55227
52275
42588
64009
18456
5438
27240
45579
17329
79698
27277
53516
31720
32173
38203
8969
18428
77871
40270
25218
65349
70070
41206
41141
79199
6769
63487
78395
57924
33356
35114
69059
13485
41756
43777
28677
6755
29906
67982
41768
30254
36275
12315
14916
9564
37334
11177
59657
39322
47760
5762
28148
60380
31318
38679
4479
42441
13545
41921
30758
49267
45775
25151
47636
45545
44887
47407
53420
35928
67106
17336
65003
14561
51027
52104
59362
105
69795
46892
79718
36345
31563
74960
49934
37090
8223
78778
30091
37935
64221
47927
12419
44551
29648
67815
58003
41456
6450
59611
480
17254
5877
7073
53832
68662
23081
67487
9596
49189
56210
15239
17173
18226
8641
27278
4278
77957
51865
46155
18325
40530
71705
40361
70813
14192
72100
32193
13696
8875
50047
24862
8768
59168
64914
34203
39002
72627
9123
53306
16367
6658
30200
24238
57343
16995
2791
29535
29404
30448
50857
33299
54912
45747
43992
79777
20222
36872
47435
34863
55329
47351
4414
27623
32778
32061
64450
65951
4288
1611
36029
9817
41795
36529
11597
71031
79377
53059
43715
29645
38380
75091
40663
30049
25701
38999
56959
36881
61525
38009
19031
20420
6043
34184
50037
48070
54306
69636
63217
3790
65121
846
3829
38173
25550
33750
61000
1936
588
71836
68798
4363
42236
10124
58230
52160
49195
66355
17474
45036
24800
54787
36546
71053
54735
21831
46099
31864
46980
46837
738
26533
45044
22202
38960
79970
53831
67515
69637
61552
8601
51947
45203
61090
5914
12691
61934
28926
6913
46886
56813
56843
74696
27751
8448
45197
67126
26890
57718
73991
53613
74328
64927
72505
9965
22299
57848
60848
11173
51135
44546
70945
1322
4976
32273
33750
77008
36612
36832
49880
51546
6559
74400
64776
38658
38962
9842
25231
44627
50637
43516
36669
16355
49544
65003
20761
40230
42190
20797
78164
35052
38477
49064
74882
34711
66789
64247
52719
27344
46713
5233
50542
52945
53696
71845
65881
37928
76719
25622
14257
11019
51128
23487
1309
39669
64298
9713
51367
517
48601
36189
32720
53314
66966
78629
18130
58371
424
53298
48826
27344
9715
62582
17241
21910
56007
37306
50540
61388
6841
48928
41926
6950
66864
47185
74543
6112
28955
10871
24756
67520
56742
35000
24557
44411
67148
71901
10825
18950
70526
72864
71409
73224
1686
78650
30988
31789
19165
60158
55294
42198
30504
14917
79338
72243
52017
2226
68323
24934
73166
32206
133
55475
14667
15625
32812
20450
38813
17183
22894
51348
49367
21311
20439
26993
72058
64041
30427
77901
6963
75976
79729
77250
68659
9851
42998
16015
23222
23092
54060
73482
3169
3529
12950
59467
49208
19019
39636
13051
53685
34167
7546
77753
74407
65896
32699
69269
64212
42014
53830
74763
43022
1832
67432
29440
32995
75490
7832
54606
77924
20261
70848
71426
15641
20202
31445
56578
73469
34147
78175
22029
44675
70985
13824
54474
37434
67050
42039
4907
72608
25609
40170
31131
34067
61899
70993
72745
63468
48806
29275
37327
4302
49638
67742
27792
68129
27930
52233
24827
75880
33747
4615
46873
61686
56577
8217
26589
25255
22968
73677
21437
56498
60096
29248
42853
74762
63377
1092
60120
52402
36999
14414
20019
42732
42308
40094
60803
26030
72862
54974
59931
10814
20412
74279
1054
73999
68366
5335
30412
11958
54513
32578
60318
10186
50727
886
63536
54109
62722
39622
74198
15141
47837
2195
66414
38840
54595
79959
10546
66138
36998
16090
49885
50765
42972
41813
29124
79203
75249
67651
43771
42729
50437
65878
1005
9859
55810
33179
53028
43408
62191
76902
40815
67267
15300
12693
37330
68099
38435
60561
44434
16759
18921
21555
67336
40098
63202
25399
66656
78697
15905
54302
24093
69240
52907
19392
57820
16981
45085
19816
63705
65785
56703
52933
45334
48390
20541
65445
47653
11990
52061
34817
55499
74374
39828
38741
79790
30346
32831
55058
42968
39757
12403
38951
74304
36592
63349
28165
69649
38240
43421
26457
64579
7274
71006
42722
31792
32483
28157
6847
31154
45733
71006
27931
53481
56885
74885
27330
57618
17081
60873
25007
46679
44155
39137
76711
56545
21823
28603
41098
42441
42072
59821
46171
23210
29470
67162
45670
44854
4792
57772
66605
53100
77578
79408
64046
68740
33404
49888
29285
39880
38347
71263
10070
14069
23355
47065
142
53698
63979
47388
79628
64522
71731
1743
73951
45440
3735
2345
79023
14584
25306
30939
23264
50696
19653
1640
66957
8978
50615
3239
37888
37956
34646
30812
26167
20252
256
23259
4291
38721
45750
37086
70480
34726
34938
14726
60268
52930
6979
76939
55383
4020
38788
53343
58783
1320
50379
74238
74893
68768
35700
53229
5838
57004
70502
67464
74851
13165
77507
25774
60815
71802
66660
20832
12472
43331
10080
7343
23711
78517
78990
12973
44284
79570
11372
52328
62185
78583
28452
18161
9355
51908
75817
50646
32407
35208
77569
38884
31921
70366
52388
73826
41155
25325
67832
34916
37384
5815
68977
1448
42671
19382
1337
42841
77828
4224
33713
9729
62261
36207
18375
11338
78015
46571
74156
76679
49671
60861
39319
31336
60082
18648
58239
13281
28772
76635
28304
16505
4903
29416
56211
67748
6103
8023
17829
48355
20384
73556
30715
30019
69343
19693
47567
61553
11691
13282
22541
66153
7791
27242
17282
68891
65682
56459
32469
37459
60449
8643
52914
31670
31604
32517
5019
46690
43334
1051
56540
10100
22352
14573
77804
43770
6134
45824
15023
59628
55364
5699
50606
36055
39360
45320
58846
32941
79504
19145
51112
63251
56659
78209
71747
3729
74025
16827
29740
54646
72952
65793
53397
47104
77986
67344
3781
66423
7604
29974
31543
72916
73276
24213
51529
79393
2817
54261
26637
72023
1624
46991
49956
2547
60984
52370
71141
21904
45776
72391
54841
55423
30741
44711
57325
6823
7285
49464
218
12376
9949
1223
31521
39120
8081
22351
44332
4358
44916
29752
29436
21961
30321
56090
12231
8973
28613
52358
16259
70281
28730
75402
60487
57085
16686
77626
76961
5435
61936
43320
37439
64374
28607
65287
56298
20410
54056
26001
32736
18791
62268
30135
54678
36313
55069
52017
22860
19949
3882
45439
65222
17102
58267
78827
4689
14079
1043
21764
28931
38447
35333
26166
47045
38228
45345
75272
49075
17866
24386
5446
40587
19982
21932
40355
42510
67140
53576
46309
69268
74053
6897
24568
74805
64343
2585
75849
21999
34683
9467
49605
67678
61618
36646
3026
31007
22828
24404
10223
1391
26218
32499
20207
43840
9760
61080
53724
41402
76083
12888
15773
28766
3700
69208
35847
37698
17631
56067
56119
58784
53759
27204
64557
56869
22192
8965
42390
57328
15483
17701
61492
11161
48915
47470
36705
79107
74913
5721
31487
5331
55748
54557
24591
42477
63129
58546
13806
51318
56454
46722
74819
25055
50825
62344
54427
62353
40437
31491
14741
22258
32566
79104
66931
52282
33493
43489
18730
8766
52910
28481
20213
72523
61408
3877
69249
35846
51711
52625
24485
18204
4694
77677
54544
22848
53435
8141
62718
66684
61513
5806
33877
19076
15474
27766
12876
55793
7264
63384
10726
22631
42939
5458
66989
5759
53023
43173
6273
25701
12562
22006
76342
77954
21466
62736
79986
51190
45872
64385
57730
65212
57634
46193
41059
73438
51899
60512
43957
22606
53313
76216
13887
76191
42253
12127
52433
74241
67560
9161
2772
53875
66473
62022
18963
50739
32278
36004
25443
27609
63155
77857
59479
23726
20555
14027
11967
5280
72416
13306
20720
47790
6812
68929
15065
65406
27842
78317
41516
57024
41636
14358
29810
27399
61148
13771
49587
12370
20496
75568
75126
6212
30359
1821
4425
57667
24366
76219
26465
17287
22374
31765
25057
56431
31637
12067
48492
58068
43399
42248
72194
8008
44467
32574
38576
65247
35762
34160
27446
40930
19118
41246
16297
72325
27244
74594
28010
72906
78602
7736
1184
49928
69110
50744
13453
11039
37312
59549
10313
61718
11612
23622
61863
22491
1134
8450
59365
31654
20819
75026
35913
54976
2878
46397
65196
33706
58201
37183
5018
28076
51661
78166
4915
23047
4470
42980
18038
70527
56251
62514
65932
8138
31764
35789
31612
5290
66160
51060
23388
55989
13339
71311
72470
23294
40639
23789
65805
68297
7508
69964
67738
58472
24537
42367
76811
44021
42642
36801
55462
20759
21326
37220
10175
74393
2644
56971
48298
40419
7399
31590
67374
79193
7342
78294
26483
26216
28119
25535
61407
48563
59895
48449
61944
21515
74867
35154
67413
62481
13307
22891
23577
16635
23730
27010
20250
20446
50773
40546
4434
42335
40235
65055
1004
66781
39655
77901
64784
48509
915
17091
38964
62381
26434
38093
60686
23771
11289
50072
22471
51590
30091
30132
25926
35772
51175
38341
41543
63322
43942
64393
75882
8738
32099
76107
57135
48401
51027
54064
25082
23820
27849
5312
6309
10490
15724
68180
55894
49540
58107
42215
29593
35891
34345
10489
44056
3723
46383
10873
6212
47856
70061
19311
57370
34941
77296
8881
4863
23965
2557
57148
17166
10679
44621
60576
42145
511
10402
24761
67793
11009
50286
55114
47698
5711
14226
52972
37636
70766
5899
21623
44585
73975
1324
76479
15807
49803
2143
916
25377
16334
47430
57441
31940
60076
67776
32970
38864
57522
68958
22661
72137
19955
58733
11687
79288
78130
59092
6662
32386
40261
79211
43180
9398
60570
23680
54008
61422
33216
418
1136
30632
70566
77981
27705
38257
54593
28986
42529
58172
71205
72875
16543
25246
41026
5915
9252
5525
64517
49216
72778
75827
68560
68197
15982
32812
45912
11624
42525
76714
35167
39130
71896
24844
79736
48052
54785
47567
39097
69638
23555
59528
19545
19063
51041
26859
6574
71775
38600
4121
4619
60803
5840
20836
36485
46861
34659
76272
64639
28295
9841
3208
36349
74590
55086
28779
37306
70671
40296
26389
43000
55746
42978
1400
29094
17617
69950
20806
33055
9968
47134
70052
27220
6329
3862
57010
32369
61398
48431
33160
41304
70892
24671
6029
10345
78806
2298
6874
36062
11047
70349
16576
74082
33159
72800
35325
71804
34893
44479
33480
58990
54401
66070
39070
57361
70184
47631
29860
66656
70572
75577
24266
60482
61396
19425
76290
67371
76179
49055
77152
53619
54866
54363
23412
3871
63098
56588
32793
58420
61881
60570
30137
64490
16098
41693
74033
50122
59636
49037
67794
18070
6398
11965
46072
13446
42607
12047
71287
79578
70518
13116
3971
44481
51919
32922
31510
24587
37996
70028
4929
48427
27905
5277
68990
32341
50364
50690
54055
70962
31098
48465
76930
11336
75138
33634
51850
21399
59495
26935
72509
27925
62372
36815
13560
58667
75015
74703
28524
37658
77651
55555
15003
56570
59625
12207
73134
10653
14272
59529
66451
22632
71714
21258
63715
66471
58621
33457
25570
75273
5866
74907
61463
70601
36663
73494
12390
26901
74233
42468
76675
13784
25699
51031
23739
55932
5357
26025
60273
77071
14456
67916
41514
18640
76261
53232
45357
19642
55855
51849
8620
52089
36330
72243
73305
53027
40639
17976
48345
52357
26472
68109
72094
4572
6384
72494
27446
57577
24706
46021
70255
4555
25222
36305
10093
3283
39350
45261
68069
75572
64972
61547
39338
67878
63596
58776
68295
19406
72142
41109
54709
48979
60314
16769
31967
5733
1659
10967
48958
66749
43509
48740
70437
28703
56965
37466
63980
18243
22955
26922
53125
31523
45473
26452
45365
7166
61070
35058
41050
5839
58179
48377
36968
46353
36205
60010
69498
31838
8589
63328
21384
35644
34089
29673
38842
36665
34904
32135
59129
35743
79242
79202
70734
12834
20789
34530
48796
29022
10762
18583
7621
35009
43817
62563
22415
1143
61946
78062
16694
42643
17065
57247
4674
12734
40829
44011
25143
17595
68125
28701
61659
38266
8723
66270
41716
40019
21154
64778
4157
9669
16517
39069
70373
32424
71378
50481
52581
35095
63496
11114
14941
968
7837
30181
54998
48658
71047
46462
69452
54678
28944
26977
56696
64837
33705
16304
27003
67439
66794
68252
29183
41655
62553
32809
40694
24217
29960
33772
18471
19600
51085
79683
33414
22142
10854
22431
26934
58680
51196
50131
18928
58715
2570
26021
10
23867
27075
71392
24939
53525
71421
3156
28420
29587
17309
76081
19492
16521
75257
43757
18609
66815
646
34044
35286
15019
23922
4267
68471
1703
48366
4465
2189
3276
47094
56022
12470
32559
56371
46488
36408
22567
26051
23995
29630
22429
2606
37623
55525
76390
59707
40359
79903
47357
30552
32708
31755
54538
71666
57111
8825
15842
77103
72247
1541
61403
23784
34255
37319
42878
43192
77429
37758
78064
23116
64794
73012
42365
48124
50164
41536
14305
12932
75079
1324
14550
33674
69984
63883
5867
44817
48783
79063
70576
11546
65678
3024
43894
17689
45086
40245
74085
17897
78021
61551
7647
913
56372
13240
10216
31191
1026
48200
68213
32513
18045
380
55236
4742
72588
72247
40089
79797
42811
45549
55444
42860
1494
44263
19134
28561
44053
72283
51828
49630
46184
25120
39546
48344
17681
74303
47428
21882
1783
15883
69157
25060
9112
42427
7158
63025
65319
14401
1468
78629
41799
76190
25310
42004
55162
40134
74490
12092
65999
75513
13799
51660
59156
66933
70635
29982
61214
37169
74619
33428
36986
44214
8453
57603
73035
52778
42888
50325
45798
30151
66263
9153
64867
19506
2198
27794
34137
66243
59285
71452
17274
31585
1953
62019
77767
70784
46034
11438
32466
60253
26690
17948
31948
39475
46427
79296
58701
11626
336
24274
8270
54646
13122
65549
39144
16503
13677
20283
10176
20220
69307
39154
51996
13043
1292
79469
79769
17779
10273
5056
23464
52701
4495
67480
59588
39795
2730
13428
22417
51778
59807
6954
76468
39281
25012
9196
25327
5366
7820
39458
70715
60820
32906
9221
52376
17471
45209
54770
2234
6148
30016
35902
40356
40489
3075
60336
6349
58160
48197
19749
55269
39210
7632
68821
65540
20403
22742
49807
17304
78962
4714
49245
29320
24841
38637
19666
13108
24452
47393
77264
13004
58865
28356
8085
65064
45326
56460
72762
17164
43237
78283
7112
74542
36426
6351
67956
33035
75842
50027
26910
75836
55153
44545
46829
15180
21853
4477
45295
9812
75329
40299
76775
31221
79077
50662
51370
71003
76382
39026
75914
79496
78008
48053
36425
19200
8632
31466
44605
18956
49250
70120
51622
36307
59923
52233
17283
61679
6740
8592
20808
31553
15794
60178
40817
56906
73353
41997
28124
32852
34819
43416
78144
66439
56222
28736
53912
9426
12724
14754
31052
54872
42250
14014
8744
30529
3320
58643
33515
14031
50050
41679
14223
37412
61271
38677
67114
69598
42735
56095
558
50398
51133
15029
32603
38870
76649
25846
34693
30232
29084
14140
36796
2101
34397
40191
39161
22616
68206
18342
61520
35961
66170
20863
30607
37126
65130
60986
51438
16073
61612
55897
18288
66442
15319
43060
30150
46676
75156
78858
16669
59128
36199
50139
9044
58938
30961
5952
42567
78919
11826
63934
70955
75466
79296
25159
46123
75782
9703
70568
10755
7101
24404
65656
66214
18759
19839
68120
17581
29046
14593
42456
64728
37851
48077
48855
48508
56965
58508
30295
488
52020
40180
36952
11015
9635
27231
72493
72387
2590
110
20433
41680
43287
60050
74603
52700
66126
75405
6401
41163
13808
32488
49335
45258
48155
74489
11543
40529
66411
48305
28363
39625
78792
15218
15305
11626
28517
22982
38294
51140
23693
40909
30986
34257
29968
54323
52170
38077
48420
19579
10411
15489
15848
26562
14566
50971
11676
44018
50731
21497
30581
47531
17451
35514
12524
74837
37301
49958
18076
74184
75637
19226
79065
35548
34432
61036
41161
79941
34782
23449
60758
58177
26274
17633
74580
78046
61532
76045
73840
49917
12919
40598
69337
78306
34577
76489
69096
65704
22223
2239
62186
20327
56959
23894
3463
48631
65745
41477
72592
14510
4208
59823
21727
59492
47591
26632
70484
72820
69417
21576
31854
78787
7817
36864
51662
4527
25615
67961
7238
68875
7467
40885
23705
47793
77330
68402
31425
71002
40203
1650
43774
66254
77476
77540
35646
41331
65860
28271
700
362
62262
71338
6740
62065
44165
11539
77262
6518
65993
37013
2828
58239
22252
56950
4597
62716
59290
47938
6361
47640
17479
9268
9153
7588
8355
36025
68922
50853
77458
45183
33690
10499
39582
37868
79448
50320
12108
55758
67250
23496
72950
57302
57270
11771
37881
67874
45128
41644
19251
35854
53677
48356
32296
64011
58315
36477
40383
33850
20442
37238
27198
52261
62963
27996
8548
38843
51022
70363
52131
33540
23879
43846
9355
74282
59927
35593
34571
50560
62122
40021
75452
209
37987
61320
11653
63183
25260
25621
31479
19102
66041
77150
48424
57385
79862
4925
17727
63794
6831
25180
70562
86
39348
3208
59091
70725
64616
60859
64846
39748
66276
58476
77491
30630
4363
9390
58599
42665
6726
79451
10106
20077
37034
33026
79699
67457
45407
50872
72389
71112
44859
76656
41637
35395
13664
50379
14004
52570
20169
33437
33487
51716
58537
46931
17404
75479
43669
29246
22583
13187
49592
38935
42992
56272
32799
44167
18032
59754
21210
948
51376
15378
8070
31139
16119
13202
1568
21028
72407
55077
35051
76414
34051
33281
45548
6512
62316
29342
21943
13362
76358
71912
7334
54197
14429
9699
67436
50651
48671
78588
39444
61603
65529
5001
60816
7790
36490
65203
28521
79217
49155
49291
16050
25416
1949
36118
54151
69281
8660
50815
13850
54757
19451
29342
5542
24949
77115
56507
70481
70054
71472
17285
71884
14273
17684
70169
69325
29760
78705
20625
55762
6747
77272
28825
1017
56726
4087
16397
24952
35781
37936
30620
40191
74588
68192
31514
36503
28739
54579
18922
41680
66982
23819
5466
58003
56817
4221
61118
66242
18183
60498
21075
54418
60298
41157
76949
25681
48232
5068
19720
24952
10381
14063
10022
29481
32539
52315
57529
2850
17002
75149
77487
79835
15416
20103
1651
32129
42784
78189
36702
79234
68967
36262
30733
68678
76405
21329
54002
44517
33177
29961
71379
19240
14451
2267
69562
43583
40022
18109
12391
10266
18938
77496
3634
5704
33874
27776
71175
69673
38484
53986
63285
3662
12412
58486
41832
68034
64226
30760
65099
25681
26720
43628
51931
41745
57337
49546
48105
7410
16202
38135
55141
69252
13184
67736
72548
58964
73379
79957
29409
12414
77873
33594
23944
39306
55628
65755
55469
28584
6131
42751
68168
20005
65320
66615
78068
5055
65155
66697
12193
22686
46824
67517
2332
45968
67316
48093
16361
69243
78248
24610
10295
52842
35251
14393
37981
51165
67781
77312
37714
43392
26103
30382
22292
4061
18923
7608
68823
69295
27391
11897
75718
25771
45857
46778
6787
62116
65157
57125
57642
21210
19680
50267
201
57577
55770
58520
10751
54309
28134
14188
51044
21918
5954
57514
56357
17274
15962
52441
57066
10072
1322
15856
9909
29551
39950
51249
71693
23910
21891
41521
63216
53722
2172
28340
57084
69835
63762
23810
33800
22798
76910
66883
41080
58504
49349
61370
58031
73117
1175
49688
6332
25470
14240
8526
43619
29381
75696
47040
39995
84
66996
79440
58284
13050
2736
31970
54961
30970
68870
16277
75319
22664
48973
49623
38641
69928
73645
6658
3032
44350
66232
12793
52941
62130
63499
7376
13940
13105
29722
13570
19104
48983
54994
35440
60858
40146
2934
71455
33698
41062
29994
4179
40905
68952
50304
21169
17112
22014
9541
51271
24727
42329
73175
18777
13457
20372
14367
67229
27119
35123
1570
72660
920
14709
44002
46944
76511
71988
73725
46234
74112
78590
37059
73627
4641
66832
37312
52193
5116
65310
8540
43551
24036
50380
50670
23504
37429
78385
75688
11661
29794
74536
49410
24195
77166
52318
2107
42284
53437
56986
53123
33431
58384
19148
50577
5776
10481
36759
38936
59219
14515
59830
58229
71097
59648
51235
43071
33514
45471
55488
53369
25958
10540
37342
28561
8337
10040
2102
61541
10304
77828
44442
56668
72967
75777
73229
39045
55555
43954
23710
21574
65120
63701
48851
5366
21161
38551
48525
12299
34407
72637
14441
61665
71647
71720
22694
52811
14308
38164
52914
685
21521
49555
28079
20709
49237
73685
3083
74129
11983
54182
50476
76820
46181
16226
41777
26777
32586
26875
22340
72530
35799
37118
62826
12286
2580
11666
13232
18571
35739
77865
14568
73867
40857
78169
63633
78500
29335
73974
38611
23687
20029
66198
75016
12015
45726
74712
26068
68074
39316
21046
18849
57701
32841
14248
33493
1314
22577
57151
69466
71822
32572
79757
39292
28989
51923
39213
60507
49115
57861
34648
12357
2580
4046
23595
71879
63600
34308
50112
8225
50180
45471
19253
13989
61822
4296
15819
44056
33927
4648
66196
28229
57892
59530
60637
32250
32953
52878
10844
7483
79156
8276
36824
33529
21318
52765
41467
37682
53302
36455
6246
43847
3664
51973
33230
71208
72104
67177
34720
55469
6951
31756
41166
25183
74025
41150
10694
31125
24910
43834
30768
32499
77301
10824
37020
21105
72501
45846
69683
40655
67114
3986
79676
56738
10898
74747
346
33274
14899
27956
74872
69650
69201
39164
72199
41401
4787
33377
36033
74763
17316
45843
13494
16496
61641
57017
24753
55991
55080
2000
46458
34246
57095
35883
74884
47089
76013
54479
36009
68146
14451
50325
46494
46173
39659
38325
70936
34000
259
51718
56508
885
24800
31429
27886
1313
19841
20687
65455
72244
56434
68662
22245
34790
5983
24737
74760
8713
42682
17935
26387
28912
24465
79529
46661
58024
3444
2348
54564
50839
17066
65966
58870
12846
60848
46695
15046
71656
42114
55590
28696
47359
72247
33248
53932
63239
54619
49737
26405
75346
79704
50844
41434
67780
72481
63254
25195
6419
45609
13020
60180
49289
62200
41479
65225
55480
2298
4985
26492
71129
46999
49580
1720
11615
4217
75940
69363
50959
72184
36245
22246
56017
14406
42346
8236
64143
37065
49083
75851
54679
42743
69395
49456
19047
59668
67023
16807
39989
1643
72110
62663
72318
19964
15346
68297
76487
55555
4074
62160
69580
69247
1910
36471
79464
33856
40998
44660
66695
37810
38509
32833
61176
32390
77942
3622
49032
19944
49183
13063
77900
47157
3144
31726
40946
4809
17707
52889
42122
44315
48054
16864
44920
53630
49365
36760
67633
73888
62348
53329
29618
38155
37516
12601
51338
273
64254
8765
58331
72237
53325
66047
44086
70824
30764
28701
14092
47889
77472
70118
63867
74528
58855
4383
34963
9078
65474
31347
78222
15946
28065
55894
2829
61007
23721
21011
8712
5340
6325
51435
31212
79576
51138
50136
28849
4081
65178
14897
32462
55150
11865
79558
17877
45147
27074
7762
71902
36747
47145
11377
36298
11726
36634
27634
16288
17185
30073
25756
65093
42615
49382
44565
76194
76698
74717
47044
39066
61374
45593
57658
26737
1974
51506
5835
5766
36811
43547
78255
8249
59508
53702
68593
14972
15645
45620
72351
18370
66669
65127
54122
9724
3869
22293
43704
29197
50757
17229
6162
28393
11537
43260
50431
17970
55831
33962
64038
38335
16414
61531
61719
46997
9053
65832
8322
65140
5118
45484
17600
68297
32673
69863
36059
77538
16093
55515
53563
724
64838
127
40201
56539
36961
76068
73130
32055
11766
13853
50446
58362
19494
60448
55310
75857
55819
31076
17776
34282
48641
44965
70206
22642
68507
31087
72558
16490
77793
20632
24873
67138
44295
66931
36156
57597
20599
74721
72830
8252
663
9529
38564
22441
50426
11186
34499
5549
41734
55897
29673
54326
21698
68031
12116
35875
57286
51374
49351
73918
73095
71430
1554
25981
65885
43581
61576
57438
20768
40454
24763
61777
30357
46300
40473
1897
60438
2970
50401
32155
75751
64305
61162
58576
50468
42384
16547
74999
24416
15595
75910
22003
43659
6556
58199
55358
69729
5330
6146
170
53768
34326
53623
20462
79535
56237
33495
22762
43432
11790
77412
63545
12227
3046
48067
47698
43359
19531
4459
8223
2920
13986
29774
22261
38408
53718
67871
77393
74081
30223
18585
23654
24320
38074
75203
35457
64460
74531
72164
4806
49613
70396
31164
29850
12081
73347
14433
24774
30337
46417
61328
67713
31556
41796
6172
9115
61071
75469
60207
25740
52904
79128
18862
24096
3802
46527
38318
66022
38502
52415
45519
79636
76947
79852
76780
78009
66792
69236
57398
39413
70083
48622
34248
46405
5770
55488
32973
32524
75538
36541
9844
17150
76266
42326
5706
69680
16313
31582
7059
38359
24487
46647
79698
47862
40414
22654
67463
50377
45197
22414
27374
60931
4958
5119
29326
68867
61433
25506
50941
79674
29024
12737
55142
67119
33547
72671
79451
23286
12540
57741
43354
78514
79853
25561
25857
15310
19083
57408
73377
47388
63096
33693
63528
40587
63770
54594
9403
16244
11419
25600
39302
55734
13048
21402
67245
29582
19454
45308
60179
14252
71441
29221
9844
59349
74625
51675
73387
8318
20997
55076
40851
34292
15685
50996
24593
42883
32374
13331
52085
45243
34973
78721
6626
43670
42226
33442
49423
40674
62851
23957
21177
39212
69739
68608
53060
21565
22196
862
48462
48077
25871
56780
61892
51944
72786
33922
14980
5933
72062
24654
28087
1204
19907
39476
47023
3126
50875
46911
46751
66560
38408
13751
17713
11989
59228
47094
46934
68790
42921
58087
77879
4047
25603
13169
14015
31662
16901
64871
46209
50881
25787
59941
19881
5213
77601
33138
21647
68367
67429
22160
6092
35317
41049
652
11119
62550
31895
66259
36600
16740
531
29705
18228
66422
22596
45349
50378
54145
24070
46731
73649
20400
52178
71191
670
15289
30816
51230
25515
45283
46668
38549
26389
32886
63224
77410
28186
5032
72850
11428
42524
36425
51349
72317
10362
37678
25890
67375
60236
52456
47548
67127
48568
46235
67386
35157
13664
1632
74323
23666
79638
67454
39758
72720
79273
43083
54991
56107
35877
14819
61072
56580
64934
11435
66330
78198
39187
43159
5118
10313
59705
39059
4294
29239
25504
25821
34734
9042
11675
55928
8343
7450
48470
51282
22109
78434
39990
71677
6905
47239
51348
74688
77967
836
8575
49273
45900
77276
58763
60745
2258
47844
32839
16934
4262
29172
44937
47956
22176
77760
37020
74726
44799
51947
62655
70179
59037
7972
68624
54524
15727
45379
47281
70021
43734
36483
47765
26765
47619
15683
2716
69572
41209
63458
63015
14737
22521
79895
71286
47544
67578
72756
61736
16868
26380
20708
47104
7828
49247
55089
21649
69765
52939
1396
12530
13069
61551
28589
31771
49518
66651
70864
39960
57820
35177
79190
74643
46038
14177
21748
26209
