4444 5339
3511
6028
4000
4084
7007
4794
1679
5407
716
336
3241
2181
7633
5980
1306
7728
1939
3884
353
3709
1594
7771
6134
1422
4302
7829
2413
3388
1930
6548
2054
7221
5506
744
7529
4016
7095
7212
6046
986
4405
670
180
1743
4138
2019
1234
3605
4386
2047
2226
6682
7157
5728
2848
2765
4265
5214
1856
2414
4920
953
2793
2936
1532
6107
3893
1634
4256
1622
3360
2788
4217
7920
7424
5140
3950
2697
6727
2283
6318
6836
4417
5552
5104
6830
4263
5032
3604
4607
1945
3590
2473
3368
4205
5068
3828
3621
923
3455
3106
2143
4185
3015
1765
5250
7668
4786
3619
1748
4144
679
5149
3617
7372
7861
5751
3472
1543
3443
4520
4601
6529
4159
1365
3878
6370
4393
6136
3745
2598
4103
4868
6960
2313
4921
4539
2884
7644
5736
5050
3128
6533
7644
3999
5677
6444
285
5633
6713
7877
6775
2011
2885
503
3011
4360
2526
7917
2659
7151
7083
5663
2441
250
917
3095
5015
6026
7681
481
6018
5674
4123
1324
7492
7722
2431
5219
1411
6201
147
6774
6454
7060
5325
3356
2151
700
4185
4160
3503
126
4604
2667
3981
2978
5637
682
6044
983
735
3461
4241
2272
2981
3913
3293
3102
4647
5253
6792
3191
7288
3251
2425
2989
5087
144
5450
4259
7957
5141
5139
4639
4883
3397
5586
7985
5197
4165
751
7860
7002
7188
6485
4450
3079
5164
7958
7181
6717
215
6281
6637
4501
5930
1801
6964
7775
1849
2681
7350
3109
5584
6830
518
4387
6727
6443
6266
7300
4639
2418
6395
4968
157
4477
5781
1624
813
3107
3774
5950
2432
5651
7551
3452
49
2304
664
2615
7156
6823
6191
7528
6749
1147
7909
785
6866
1322
4370
4009
7148
6197
2346
339
729
1039
4594
6872
2772
5704
4113
2895
1847
492
7251
3097
3365
4477
6089
3659
5641
4663
6022
725
6195
3998
5523
5286
6018
115
4566
3991
3559
5209
7392
3764
4520
6825
6422
7904
4352
6495
3665
2704
5379
2389
1350
7199
982
679
6551
5034
2348
666
1884
3350
7451
6448
3014
2016
5443
5655
5661
4306
2328
1432
2193
4597
3191
4339
4110
4899
7380
204
7096
5515
687
1389
2398
7379
3066
861
4794
6203
3785
6133
3050
3262
5590
4320
7529
2422
2932
1824
4463
1717
7176
7369
6589
680
6639
3229
3572
7971
3233
7529
5401
5879
344
4738
1187
7695
5479
3132
6285
7277
1329
1642
1117
4104
710
5567
414
6707
675
3927
1920
7539
4680
2504
4975
162
609
6866
3209
517
7766
4910
5177
5207
2420
3906
6700
6751
1319
1091
3664
2345
4028
4762
5748
431
3322
3440
68
4297
3551
7363
1895
6016
4752
522
2821
7347
3690
6207
2985
7097
2159
6078
2065
1252
7463
1896
730
5343
7351
7951
6339
6839
4812
7056
80
3358
3649
7420
6957
1339
3815
6568
6612
4230
2042
7328
2349
4583
3745
4929
7156
5862
7661
3390
6340
6624
7894
821
3146
3635
5370
5447
7245
2932
4113
363
3769
741
4819
7955
2795
7232
4190
245
4754
1536
6235
1841
5373
6166
1722
7858
655
1492
2247
4939
4667
4340
1804
1782
3816
7856
2448
5512
2757
6966
6891
358
7719
7890
3978
6949
7855
188
3372
2863
4210
2540
1268
7563
7286
4286
6884
670
7131
6676
3171
3455
5995
4390
3154
5010
5192
2550
6093
4744
5761
6912
5063
7396
445
4819
5296
6057
470
3820
3933
2458
1492
5594
5431
2941
2210
3002
3449
4871
656
129
7440
972
7630
5356
4395
6297
3549
4328
6327
3656
7878
5859
5338
4646
2096
4010
4895
4750
6657
6771
6639
4697
3793
2839
4402
2496
3299
251
4621
4072
3070
1122
2182
5293
5445
1042
7477
1711
870
1182
650
6700
6847
7534
2468
5482
6145
4733
7667
4161
3928
1365
3170
7230
3717
3757
1162
750
2198
1879
6042
1528
3000
564
925
2228
4259
4150
7275
4581
3406
5301
1922
7078
7064
3861
5887
2185
728
5874
9
4714
3231
1292
3241
4325
6649
6278
2836
6920
7662
7717
2646
4971
4523
602
5781
3608
366
2977
3419
6778
2877
7448
1154
331
5274
539
3777
3902
1631
1311
2461
1537
1062
2329
4141
1782
2797
7403
4430
6400
7330
5677
914
6717
1490
6754
3542
7090
4219
7152
4527
267
337
4840
1196
6707
5424
4660
4524
7904
4951
1810
6248
5651
5734
2084
2668
6125
7877
1361
5477
5025
649
1881
6540
3061
1505
583
7668
7742
3282
2398
4849
6940
4689
2577
5338
2325
2672
2357
7588
4113
7398
7458
5735
6945
5792
2780
5472
85
464
1300
7588
109
2960
2826
7507
941
7564
882
6201
1401
5015
2325
1316
742
1865
599
4816
3092
4544
2478
3780
914
2263
6633
2778
2930
4595
1060
1814
4353
7989
509
4911
2275
746
1580
4560
7899
1345
1414
3569
7818
4045
1259
6990
6058
2654
2169
1219
1433
5262
6301
936
4251
3036
5485
2991
1271
5047
835
6714
5622
1409
5169
3495
59
6021
4002
5089
1317
4156
5168
300
5592
5465
99
932
406
5190
7893
3811
7778
5211
3271
7012
2005
2681
3974
7912
108
4488
5152
2523
2905
2510
6636
1564
7292
5890
3000
427
923
3541
7149
2650
6866
4309
5207
2458
1385
4097
7271
5754
846
7579
4768
6576
5641
575
2419
7084
6150
3740
7104
6885
142
7890
1259
6686
5281
3256
820
2536
596
5540
1702
2129
3825
5176
4326
1825
5928
2290
3771
7238
6696
4141
7919
6702
1160
5088
2590
6031
6561
2310
7762
7120
5073
5580
5718
5868
7742
690
3363
119
3443
608
2364
934
6959
6007
3534
7298
1820
5424
5448
1516
6578
2202
5426
4284
5304
7840
7327
6146
2611
7745
1141
5003
6417
332
7914
4535
4543
3446
6534
6121
4158
7185
6252
7293
3119
6025
1222
4647
7504
3019
1082
7846
5543
703
5430
6739
7065
5590
6692
4490
5123
7154
2202
7954
5304
3557
1364
2430
4211
5650
2626
656
2665
4932
2978
4711
5346
1827
7115
1030
170
4218
5852
3346
1854
7474
1414
6136
6464
1804
2645
1489
3699
874
1880
2632
1008
7925
3148
6416
3226
3630
2728
5311
5033
1608
94
3123
6484
7630
6310
5292
116
4217
4546
5739
5163
5649
126
6710
2613
7861
4262
4539
1715
6294
5143
2937
6954
6617
3381
4185
6094
406
7174
4891
7689
5620
5075
7955
581
7687
360
4678
3403
5344
4292
7026
3484
1237
7537
5802
7058
7932
5480
7523
1115
3849
4088
418
5010
5232
2210
6871
4208
5340
14
545
898
4220
7826
7089
4056
4834
1371
5931
6785
801
828
2044
2932
3841
840
4190
6409
3501
5372
6231
4973
5150
2061
5082
2053
6357
2352
4571
5478
941
3519
6302
3525
7355
7724
3737
662
1219
7152
820
914
5051
6302
3942
255
551
2462
1834
6241
5545
2951
5677
1846
7285
4810
4624
823
2784
1157
6773
6751
822
4724
1031
5089
1185
1192
3217
6224
3171
1381
4054
7837
6874
6603
2566
4141
6972
4120
7027
286
2382
2510
7341
7893
5273
6676
6042
1055
7393
2202
3687
1018
2819
5990
7775
3089
7242
5798
5639
1159
6234
6802
7617
6771
1072
4219
5741
5308
7426
909
6953
4897
3158
1493
4302
2798
2667
7808
3679
2897
3684
2424
4488
7380
1264
3610
532
3612
3264
4898
499
6773
4352
3464
7506
155
6825
6632
7464
3378
4298
3413
7641
2805
1003
4892
4280
3452
322
2409
5652
601
4967
6769
4458
7826
6409
2433
2398
5223
5664
796
7168
5348
3211
3983
2864
7984
4723
4243
7004
6524
4546
7852
3342
145
3839
6185
4591
7429
7316
6015
2707
2501
2212
2395
5041
2765
3021
6535
3156
2143
5674
4440
5309
4005
1739
1835
3533
2436
4429
5826
2906
7910
3363
267
7299
769
843
2791
3003
2246
6031
5812
3462
1273
4545
376
2801
5355
4113
5904
4244
2694
3132
5659
7171
6346
1762
4685
2013
2758
7014
7516
5904
6904
996
6713
3932
5843
4563
2070
495
4384
3380
5972
4071
2474
420
4971
7281
2608
3847
3172
3145
3043
5933
7915
3820
7881
1817
4743
1814
6454
1949
3323
2738
7070
724
1522
2418
2724
4705
5848
7930
4122
4200
4028
282
3358
3419
2396
3785
7275
1589
4364
1170
209
7135
3598
5248
3240
3116
2154
2228
746
2740
1187
2875
2954
7987
5554
3692
3107
5556
1474
4631
4122
6799
6279
5911
5985
2739
5144
1044
4521
5114
1695
6662
364
7716
5848
2413
1151
7676
5418
7500
2313
5238
553
4144
7632
2680
2512
4842
6474
7079
3403
4858
3814
659
6226
1719
4598
6308
3829
7802
5364
981
377
5596
2414
997
4908
7165
3221
4595
4841
413
1318
587
7485
1269
5064
588
5273
4918
4806
5654
5324
4201
5554
2289
2039
2687
7291
4579
6564
6312
2914
46
5479
7586
855
2706
5010
6094
6481
4488
3017
4261
5708
6841
3310
1314
7202
7997
4253
141
585
2484
6805
1872
6569
5249
1053
7713
7954
2963
1869
6723
3381
2146
4801
3302
3912
2719
1790
272
1721
6086
2345
5256
5807
3234
6788
2028
3900
1445
1804
4522
2077
7648
6476
6904
4676
313
7301
3707
497
6929
1111
2388
7871
3936
7791
5292
6969
2440
238
6908
3598
2978
1569
3315
7179
3098
1824
1105
1595
636
643
3890
7891
3822
5741
263
5787
5801
4074
4085
7359
3762
4474
6068
4960
5877
488
210
5264
5842
5172
2912
4539
2523
5360
3270
7777
5453
6695
343
2775
6512
6307
7321
831
1642
3026
853
5197
63
7509
5681
6305
963
6463
3051
2044
6385
4491
447
1877
170
4255
6353
411
4905
2919
6474
3375
5239
829
709
2221
478
7652
7971
3008
6733
6549
7441
2648
112
3220
4063
7482
5320
4937
1167
3483
3134
3975
7176
6997
2291
3529
3839
3979
2360
7619
6824
1276
2213
1094
319
4039
779
3367
1328
4260
6397
5635
4482
7177
2430
1945
7248
4784
2633
1672
5722
3519
5518
720
797
468
6707
7493
7791
2149
2539
1675
3181
6304
4495
3634
7311
7466
4049
6528
852
7833
3943
544
3848
3748
5915
2235
3832
5477
6083
6457
3325
5969
6266
1183
2785
5615
7226
3703
7630
4981
49
5841
194
7087
6779
3231
7639
5461
7993
7186
7036
5349
691
6849
6468
5657
990
173
1521
6119
1279
726
6631
2716
4216
3599
4956
6359
278
3910
2868
6495
4132
6150
1546
6599
3193
6194
3760
78
7251
980
5873
5061
1617
6334
7872
4731
866
2117
4069
6750
7935
709
3987
2957
2243
5110
2129
7604
5900
1724
2102
5253
6515
5674
7588
5003
6816
788
233
6612
6392
7781
715
5379
664
422
3641
7294
6968
4486
2624
3374
6228
127
1980
5260
342
927
4196
2910
6371
2813
7922
718
5403
5315
5391
2768
7857
1182
4226
2544
6087
4378
1551
5687
5707
2144
6763
7924
512
568
1481
2712
3796
4411
4900
4382
3874
3526
7603
5444
6503
3629
7719
1405
1638
5641
3199
4067
2487
943
4930
1245
6424
7178
7691
2435
3173
2629
899
990
4229
2357
2233
7244
7395
456
7102
4872
2962
5872
2234
2220
3593
2674
6402
802
3008
1736
1286
458
318
52
7871
6478
7385
4953
3851
6514
2314
4132
1546
1965
2270
1435
6344
6534
7223
1901
2279
5465
7043
4672
1696
3610
7020
284
1017
5081
720
7089
7231
2841
6557
5448
138
3678
2480
1608
5645
5916
3143
3592
5120
2528
2241
871
112
2821
1884
5947
5634
6244
2582
7668
5022
144
7517
6956
5278
4584
2018
6520
3585
5707
6801
1118
2509
5
1528
4985
6487
5665
4024
2717
5933
7439
3408
2158
6046
2913
4018
1702
4970
2594
5933
4950
5771
6585
4079
203
6
5094
2970
2127
7951
7657
6496
3697
4493
5184
6613
5699
5895
5044
4916
603
5081
5204
3060
7180
4654
4343
6588
2056
4673
1928
7366
4311
4538
5295
4539
1932
5459
2885
1399
4268
5471
4210
1044
7621
2269
5134
1176
6003
3206
4086
2274
4887
7240
4512
5015
7214
2624
3821
1820
7093
6613
3204
2247
6622
4866
868
3801
368
7592
3555
5977
3578
5718
4884
578
7794
7534
4363
4275
6681
690
3366
3607
1433
1367
4461
2303
2952
3423
7957
797
7028
3945
7215
1367
5252
4572
6057
7722
499
6203
641
5481
12
3992
6568
1384
7798
7262
5155
1999
3980
4077
1056
1694
6534
1301
6561
1983
3567
4298
2271
1714
4681
7811
5664
440
5504
2472
2977
2657
7052
4992
6008
6188
4921
3026
7173
3982
1628
6361
7533
35
568
493
7270
452
5666
6285
520
129
804
7685
2479
6790
5475
6965
1022
749
4095
517
3588
2655
8
3533
37
5445
4163
3098
7553
1868
4955
5245
2010
1397
2524
5784
7694
464
6761
5379
7808
6975
2103
3019
67
3831
2972
287
5158
4946
4661
5329
5463
2315
2636
3141
5566
1382
6237
4543
5726
899
3936
4302
7109
1307
6361
1276
487
4160
4012
5786
3011
6208
6754
2956
6143
4449
3938
2208
4767
19
1293
1156
6832
7296
6075
6653
1642
2790
3458
2683
3360
1351
1534
7281
3681
3232
4080
3909
6470
4661
212
1085
4953
4416
1085
2000
5567
6946
937
1052
1564
3400
6105
2214
4914
2491
2432
113
1036
3149
2156
3150
4548
2623
5383
3575
1987
4080
2247
1807
599
2268
3625
3368
5612
6704
672
5534
1370
7847
461
2265
3264
249
4837
4455
5523
5837
2413
360
7539
2815
5905
5625
2867
2599
1184
5411
5574
551
3119
7227
708
4617
3385
7285
4807
2456
7594
5261
1441
2086
6586
569
1345
7870
4485
728
7963
3806
1499
4528
1058
3365
3797
7980
707
3665
3624
7953
3926
4642
7782
6939
5547
6487
7428
1996
2675
5251
6712
1046
7515
7858
4163
5010
3592
7307
961
7348
1197
4539
2637
5454
2461
2094
7725
2823
895
5389
4835
4307
5898
315
5337
5991
2095
1264
2959
3023
1924
6950
4977
1166
2424
124
1539
917
5422
2079
6787
2085
7297
4633
3471
4977
6236
6670
6721
2457
6589
3846
379
3430
5931
5307
102
899
6145
4059
3436
4017
7864
1924
5772
4974
3636
4759
807
4767
7989
81
6826
1530
192
1597
99
5162
915
1952
2303
235
1463
1613
764
6947
7050
2121
853
6223
4192
2489
2109
4426
6233
5442
2288
3959
3079
5384
3592
7955
7068
2635
6029
1904
7665
7948
3368
5423
1274
946
871
333
2162
403
500
4880
640
6142
102
2575
580
7103
4066
5071
2785
6223
1927
5211
5241
2825
367
5472
4729
4703
5229
3240
668
6983
7696
1545
329
7942
7124
7918
3048
4375
4668
2273
3001
2937
3394
2003
5940
5483
4828
7626
676
1132
5737
1308
7552
7247
3293
1486
7780
2253
4954
996
5885
6186
4424
6624
5101
1788
6516
7732
1225
6085
5045
729
696
6692
644
2809
2919
7974
7466
6008
7618
4044
2882
2587
7052
6937
6603
3834
1006
2781
1285
5057
5604
307
3702
1910
172
7324
4731
7071
1841
7099
5733
2854
669
3819
3502
5755
5166
5098
2252
5668
4831
857
135
7840
5332
5745
6508
3418
3170
2989
1726
2154
4850
88
4904
5546
3012
2984
204
3185
7673
5262
6346
3608
5143
1708
749
7683
5626
606
837
2798
1754
6659
2414
5410
7762
5182
4632
6504
1816
1622
1129
1684
5810
2653
7577
7231
7094
4537
5660
7068
5003
626
2705
4556
3312
2644
3724
543
2094
4192
970
7428
4557
5065
4336
687
5005
7168
6991
3935
2840
3458
1626
939
5539
3552
2923
4773
795
995
2698
7669
5754
24
1080
7030
7800
2874
1787
3813
63
3868
5740
2449
6422
5691
4817
2014
4794
1451
6491
1238
6843
2458
613
1739
4937
6449
5798
2559
2059
2678
1390
500
5930
315
1958
4200
3909
4834
7805
6350
4848
1985
5353
2525
3615
7799
688
1012
6015
5662
961
1653
4274
4068
6747
2473
1025
2491
3269
7924
867
5425
928
4650
323
2275
5338
44
7647
6532
5679
5627
6994
6918
5435
920
1328
2091
3352
7285
7052
2047
2716
2056
1340
2677
7994
1546
6480
3306
7670
5434
5470
2979
7286
213
1503
3147
1568
3229
4537
4085
3891
4379
4965
408
1874
234
5311
6662
2471
5561
4423
6833
3660
5791
713
6240
7690
229
4478
3679
2222
1068
4408
3503
7931
6115
3099
3847
7697
7900
5207
3411
7090
667
5107
4551
2187
3034
3282
5112
684
7211
1690
4279
3906
414
5007
45
4641
920
2790
5872
7153
4306
313
6282
3548
6350
3348
2828
1380
5371
5760
5087
5713
7332
2902
4456
1422
6403
4120
6804
3351
198
661
5348
3938
332
7041
5641
1258
4811
7180
5604
6375
135
7488
6555
4804
621
4933
4595
4291
6721
929
6350
3624
871
5503
2550
4590
4392
2836
1292
7335
1415
2860
3070
4297
6361
2884
6932
3717
4958
6077
7687
2677
2942
1280
521
6150
7386
3098
6885
7083
306
6007
262
7793
3705
3541
540
3628
2369
3326
2891
817
7439
1291
4535
810
6183
7671
3407
2153
2758
2527
3320
5454
4332
7208
2486
4640
7321
6052
2497
3877
161
3570
28
16
7862
221
1039
893
7289
6911
5421
2127
7693
6472
7556
3331
3709
6223
2545
6883
3832
1426
1033
2967
2842
5908
6186
3794
7170
3645
7774
4274
5324
2962
4476
6635
71
5697
837
3184
5862
2650
3088
5630
1
6764
5986
2036
1349
2421
3366
668
5318
4039
3297
3137
7558
1826
6248
6480
4019
328
1758
2910
2063
581
4687
6333
4242
732
3836
6309
6627
3438
1531
6624
4561
2960
3688
5226
3192
3380
7145
2991
2568
5795
4781
2861
3655
3712
3815
846
5964
4400
3977
6532
4997
4936
3781
7918
1378
1630
1642
6162
5932
3886
7028
5273
329
1180
1161
686
3088
6400
3274
2386
3248
1367
273
1875
3818
892
328
7256
1195
1528
6912
2613
5138
2486
5864
6169
2873
6458
5803
350
1828
7981
5855
1582
3786
27
6830
4547
1635
692
6285
780
4846
1030
6250
1131
5593
3312
7460
6288
7477
4553
7104
1491
4834
4260
2129
3695
1230
2548
7720
338
3854
2530
1798
1387
6144
39
4983
1711
78
3893
4033
5875
3595
6303
4109
5715
2632
5380
5214
7736
6050
7576
2925
4044
7616
1266
6111
6835
2174
7273
6197
2133
2749
379
3822
5390
4928
7410
4367
5776
7111
1361
5026
7567
6784
4870
1054
4301
5843
5571
4168
663
3914
328
2999
2901
6954
664
6104
7586
6180
2117
2659
7502
46
5418
7905
1221
5982
4004
3446
2518
6583
243
4920
6381
4493
4785
4636
1118
6456
5826
7879
4470
4546
6812
1290
5169
1919
2742
6727
3560
7404
4013
22
3710
5596
7370
1019
2522
7878
7639
4303
4883
2114
2337
4167
1952
725
7954
2955
471
4982
2727
7454
1014
3004
242
2833
710
3745
2656
3651
3975
6019
5970
1218
1797
6980
2354
7264
3079
4727
2661
7213
7531
6614
3727
817
1526
3946
6905
2510
3777
6092
6453
4255
7735
1445
2244
135
7931
5314
4959
7481
1681
5957
6982
3380
1384
2839
3233
4175
1973
3400
792
5862
4894
4715
1203
2477
4502
5030
833
7713
7136
7391
3523
783
7836
1047
2361
216
1126
5526
6912
796
3205
2064
7212
7680
6017
102
3746
1164
7764
3155
4268
3221
4772
4096
1453
5432
6998
2618
2923
2059
3440
2104
3309
3705
5480
6342
5812
2324
3323
4592
2569
341
844
646
4464
827
5030
3125
4414
4136
1712
5667
3251
4089
1464
3732
5054
914
6453
7867
2970
6941
1005
7668
4344
3042
2021
5949
5561
2290
4690
6219
3653
4378
2772
5444
3931
209
5946
6737
237
6250
22
3470
3523
4277
423
3030
1227
4530
2255
625
1262
6140
6733
4231
4398
3509
1273
5714
2643
3554
6451
6718
1208
5197
5194
4993
5226
6715
1416
5191
6161
843
3124
6800
466
4456
2447
7889
1383
853
4405
996
5756
3952
1821
3047
2347
18
7798
6264
6786
6835
2348
7003
31
6774
6521
5398
2700
5190
2670
5014
4338
4500
3986
848
7314
4664
7399
5656
3447
7157
6211
4321
4529
4987
1976
800
3813
5330
6242
954
5308
6463
5617
3505
1888
3594
3577
520
3030
556
7522
5780
1158
6302
3455
5412
5705
7459
1464
987
2963
4319
5015
7561
5515
7614
6184
7804
2595
5873
5684
6230
300
5370
5518
1988
5510
4625
5842
3555
95
5591
2893
771
6063
7200
4628
969
6484
1742
3922
4621
6981
2869
2941
3089
3517
7065
6002
2142
5870
1702
1029
404
6082
4727
1376
2272
3372
2452
7725
37
7134
362
5863
1555
154
1572
6260
5138
820
3221
1475
3058
6727
205
7693
7882
6508
4200
3372
5678
3188
6627
7425
6811
2951
4253
6163
5869
3251
3563
2865
2228
6189
3310
3267
2471
2559
920
7197
7561
5579
3547
6084
1140
1052
955
5366
4129
5210
7918
983
6006
3238
4495
3722
5405
3200
1162
7613
2512
6562
3795
4463
931
2813
2003
1808
1012
6601
7730
1845
7183
6997
94
352
5540
2657
503
5300
3237
1948
3240
1154
282
6399
1626
4946
4733
1427
7782
2860
3601
3491
936
3653
2699
6075
3529
708
6120
5738
7490
2667
3941
6617
6398
6424
1160
7115
7665
957
5247
6796
1026
1247
4973
5075
3401
3816
6332
5116
3825
6615
6552
4880
479
5895
4454
1849
560
2896
6392
1284
6856
5714
4857
5521
7259
2442
4432
659
6529
2838
1657
5000
5372
5618
3515
7804
7021
1291
1526
5512
3304
4871
6053
2930
2537
5403
5513
3363
1062
4713
6179
3915
1982
7183
546
2837
6491
2497
5526
2752
5441
3424
1645
3674
6648
2097
3867
3158
6403
2144
4629
4761
121
2137
222
650
5915
5605
5016
7054
5668
163
5603
953
1004
3014
4113
4527
3331
146
3464
3451
1155
6150
5710
1795
4196
2991
1982
3416
5250
3571
6559
7346
4303
6211
3678
2112
1332
1635
4765
1690
708
3685
476
5435
680
7506
4478
6460
5507
3438
2144
7540
6136
2416
2709
7458
6685
2634
7175
4019
2260
4831
4852
3798
4896
2474
7514
7478
5802
851
5468
2773
2880
7460
6124
6957
1182
6980
6088
3763
2957
5482
3259
5447
7024
4615
2299
2435
6122
7452
5404
6816
507
1912
2086
6683
7515
1723
2177
808
6179
5390
389
4230
7603
5251
5121
4310
7057
4458
7046
6451
2211
6541
143
2946
2246
3213
2798
1990
1522
6576
455
7075
4972
3237
709
6883
6547
5531
3251
6645
7845
757
2398
3385
5006
6772
6924
3880
2327
7383
7643
1346
5419
3661
497
1636
2790
3839
2439
6000
4225
6964
1031
4291
4224
6395
6277
6147
21
5143
4158
3396
565
2429
4443
7201
3577
6585
7422
3849
7758
2368
5298
269
2052
7826
2044
6202
134
4424
2036
5341
4883
1080
5752
763
4269
3903
3095
1925
3118
1896
3747
1478
5489
4512
5411
7821
1475
7538
4379
165
282
972
3899
2518
1237
4653
5076
6463
1333
4357
3055
7559
2092
7081
6059
7960
6545
6004
2264
490
352
5175
807
2251
7322
2418
1407
3374
5492
6724
799
2293
2570
514
1562
3628
4768
6608
1918
2193
7257
1681
5095
5828
684
1557
3018
668
6079
4494
6136
6335
401
3904
7472
1739
7640
5567
2429
4068
5677
3976
180
6755
2772
7916
778
6407
4765
761
3285
2722
1994
6320
6768
7176
7677
4779
2042
6911
5802
1574
5174
7851
5590
3558
5546
3120
3365
4136
6462
3575
5608
4891
5692
4445
4400
2574
4987
6260
1986
4067
1557
5333
5396
1333
5991
4013
5882
2501
5513
1664
3011
3746
3223
3293
4042
4716
1720
2008
6397
5825
6970
7674
326
6394
3248
1726
2381
2261
5542
2785
801
6186
2957
4425
798
200
3684
4917
5156
4272
7307
335
7995
729
3174
7015
4471
7137
1703
4508
4406
2662
5790
4201
1925
816
4485
3307
1254
4067
3085
1664
821
3822
4630
3459
5876
4142
6868
718
7328
2300
1234
4040
2821
5411
5054
1
5641
3380
3264
2062
2774
7838
3446
6258
4798
2521
1655
912
7530
4363
3331
2821
5182
2605
640
1695
2678
7475
3183
5856
769
2831
7370
652
4264
6834
4505
4666
482
5936
4169
3064
7692
6572
2853
4723
6538
5053
6414
3709
211
5800
7260
2870
1484
6496
4856
7701
2797
6982
6790
3025
4619
6064
317
1635
2903
205
3675
7942
2851
7910
5032
5264
2427
1006
6443
2021
495
820
529
2544
3452
7339
7705
7842
7388
6732
6761
3646
3707
3335
3708
3090
6679
2606
7344
6653
6369
1941
6522
651
4967
1224
3069
956
724
1136
2686
3195
7990
3305
2480
7941
1399
5313
4359
4194
875
6291
159
375
260
6530
529
294
6948
6441
4458
3971
6753
5747
2514
1141
5482
351
4761
2939
5384
5768
2019
246
2189
3811
5973
5885
3166
1514
1179
4095
3144
3899
787
3264
7322
1369
4556
2739
2824
449
6361
2626
4165
3725
6738
3231
229
3587
5421
7262
3986
1511
6187
1760
7622
2740
2365
3393
5975
6323
6202
999
6191
5558
839
4859
1592
4960
3350
6158
7956
6439
2327
4387
2453
4510
424
4414
3603
7847
3667
760
5768
7798
2985
7813
3376
7392
2980
7856
4458
862
5764
7495
5020
3616
390
292
2550
4261
3665
2957
4762
3729
5979
7491
5079
4441
7857
6348
626
1000
6803
1350
3672
3939
6406
6162
1925
314
1349
179
2102
6173
5126
3446
2528
7361
7731
5480
578
1644
5810
6545
2586
4244
6976
6168
7145
3764
1719
7634
1641
7721
7106
7132
1527
6204
2200
1707
3628
2158
7342
1675
4859
7450
3508
6393
7034
1149
4611
2111
233
4493
5403
6942
5530
155
4602
5935
3586
7863
815
873
3680
897
5016
2257
6412
2940
2833
3249
6886
1091
5218
6773
916
1274
3523
4260
2477
2059
376
5396
6676
2841
2538
5674
5929
4043
7261
2684
1508
1524
4218
1990
6484
2536
3239
7574
6155
7717
7857
3518
5943
720
7569
1483
2612
1895
3030
2327
7253
5085
3027
2624
7259
3030
6357
5940
7490
1597
1889
1541
688
4229
5819
3868
7173
2237
7747
4076
7999
2509
1687
4485
4352
6560
1184
7646
2517
2549
5377
4485
1729
3862
7176
6476
260
1401
7027
2070
2084
4843
1251
7514
2232
2488
5279
2235
1584
1167
7695
5101
6424
6894
775
3957
99
3028
4802
4983
7661
7792
4065
4781
394
2907
2912
3139
2787
6022
7124
4254
188
1905
5169
7921
1386
3189
3389
1848
4252
1582
2236
1340
4118
5307
2205
3454
2371
4963
2793
6894
3933
4882
1806
1237
679
1414
1567
7186
1829
6447
4424
6566
6998
7293
7640
6590
500
3992
1840
6953
3057
1875
6240
6605
2110
305
5682
1361
4000
3691
6724
6072
6617
6174
3999
3948
4426
559
2399
3252
4469
7498
2099
6253
4191
731
5862
1855
6159
4747
3392
31
4526
1159
6935
400
3064
3866
933
7370
1545
3607
847
1871
1105
6564
6600
1469
4020
6355
174
2473
7246
3086
2319
6318
5332
6503
7170
320
6459
7947
458
814
5784
1375
3434
3244
7715
2734
4511
2198
3037
1296
7479
1471
1744
3949
6409
1479
1172
22
5650
1727
685
6060
3262
5379
4957
5346
5882
6414
4445
4211
4084
1600
1173
2937
5180
810
479
5773
6011
6586
3386
7186
4308
6821
860
6732
5758
5723
6355
7897
2983
1641
4963
2091
3531
2808
1299
2862
6037
7723
7702
2794
5348
6830
3514
5906
1299
816
200
1373
3686
7580
3431
1728
1582
7359
3924
348
7604
3247
6910
2879
17
7384
4759
7579
1971
7155
673
2465
6058
103
2109
7135
1151
4963
4038
4694
848
2713
4072
4871
5470
2099
4663
6107
3222
6517
2885
4822
5032
1895
3791
1391
7500
243
3239
3604
4902
3851
7521
6862
5306
569
1739
3435
424
4617
2964
4301
3983
4150
4705
17
7410
1769
7589
7492
7833
6008
3647
3369
1161
6105
977
7889
7201
3976
7199
5891
4748
6191
4112
4062
4548
3982
2925
6262
6741
3007
2736
6086
4022
221
4349
2457
1509
3058
1759
6805
5626
7888
7711
2010
7459
983
7539
2896
922
1956
3377
2828
6081
1605
3887
5917
4328
7499
6476
5193
5333
2648
7921
7060
422
3486
6280
1260
958
6679
7452
1034
7237
6411
7976
227
466
2642
364
2559
429
5077
1909
5491
7067
5197
6483
7195
5249
2814
53
478
6512
355
3755
723
2658
793
3337
6469
6794
2277
5015
64
4466
5652
2683
4654
909
2851
3525
1753
2288
2468
6946
5724
4318
581
2393
5183
6153
4173
694
3747
5501
512
5348
7417
5007
2854
7613
6687
7957
2395
3853
2056
2910
2920
7531
1792
7250
3938
326
4705
7602
6960
6426
6229
1150
3983
7287
3824
4216
4183
1510
7744
6666
629
5552
2231
248
6627
5313
692
2746
1733
7087
3337
2509
5950
5937
5751
3614
3989
1982
3153
2657
7360
1007
6706
7249
7643
2000
6379
944
5388
2521
1085
4165
1176
1477
412
4248
2463
752
3077
5689
1671
3860
6842
1997
7875
1462
1039
6136
327
4976
2035
473
7485
4144
6006
1746
6474
6159
631
2074
3636
1656
56
2988
3702
7662
330
7481
6039
1527
3942
3823
85
1299
1070
7257
3982
382
368
7715
7264
1056
710
3264
3991
1340
336
7688
27
1484
4606
7387
7221
5911
5441
4417
1236
3916
3960
1433
7079
4831
6588
2368
6441
4135
1579
7587
6241
427
5494
1170
4151
3894
5709
1801
2978
536
5469
1929
5715
4729
841
2428
7812
2661
378
7885
4961
5795
6900
3915
6843
4932
3271
3818
6172
1986
7016
3865
3633
5667
3096
4799
1686
407
7025
7685
7374
1671
3017
414
7338
6291
3169
4116
3158
7122
1249
1243
7181
5752
1924
7296
4411
1803
4962
4434
6330
281
1671
4626
236
7565
7676
6359
6523
6721
1917
2523
3112
1388
6703
2880
2877
2470
4044
4285
3577
5986
5596
7429
4560
4937
55
5630
7737
6910
1158
4142
6528
2856
563
2048
7111
171
3496
5435
156
810
6264
7
4068
4900
4693
958
3567
5384
6395
7113
2227
1192
1081
7556
5648
3649
1183
687
1493
2161
5711
1843
3157
6195
5064
3830
7963
1482
5544
6221
77
7766
1442
911
7797
1019
5934
5681
4266
2547
12
4463
1155
5863
7457
391
2683
2454
6205
6901
3685
7998
702
4117
6886
1335
1047
4999
6579
4963
3537
4716
7230
5757
4725
4981
2050
325
2543
2400
1090
6095
6457
5133
1131
4409
3597
2245
7679
1950
2703
3220
7062
666
6323
3352
5446
3421
3567
7599
53
1214
945
6311
3732
607
3236
3741
2058
4511
4216
5104
4335
3674
4521
2005
7261
764
7521
7280
4795
5192
140
3858
1298
2614
821
1261
3688
922
77
4307
1788
1796
1051
5798
4881
1060
3407
6197
2611
6869
4672
6149
2683
6980
4191
1112
6381
6798
1489
206
6980
2779
6606
3956
7951
6073
6446
1814
932
4499
4169
1936
6284
5216
51
5769
1448
2687
7987
5456
914
3938
4130
1396
2684
1961
1172
4594
236
6880
2098
1390
4907
582
7083
4151
4220
5782
1448
1579
5588
7536
7853
864
3706
5069
7168
5438
4245
450
4579
2242
6225
6308
3812
6739
3525
4668
7916
7582
2430
6593
7425
4382
4181
6145
3244
6051
3463
863
6093
5461
3068
6318
4362
6351
226
4331
7814
3855
2981
1924
1695
1328
271
4585
482
6070
7074
2768
5209
4968
3174
1606
1199
1829
2831
1735
6779
6614
512
1865
2723
7854
968
3874
5488
3781
157
7812
1771
5534
3390
5178
4358
865
4445
6498
1014
2614
3212
2711
2260
4092
1801
6709
1998
7807
1087
4041
6265
3433
1757
6958
5832
7197
3538
1469
1459
5787
1862
4769
408
489
2648
1307
5231
2623
1794
5181
4992
1698
6434
2553
1344
7333
7065
5002
1482
562
7432
6548
7550
6929
27
7283
6190
1936
7437
5757
3328
7306
3447
1662
2934
2665
3068
5621
3271
7140
5774
2598
7342
915
3755
6438
6969
609
1227
5228
3664
5641
4943
546
7685
7454
2230
1460
982
3887
6758
7591
3916
4525
6232
5083
3671
6789
4077
1498
5920
5768
7798
4125
996
7692
1866
4731
3571
7776
7917
3283
1194
3453
1899
6808
2375
5291
1800
7246
1992
1023
3347
485
5269
1735
4005
6832
2371
3624
474
880
2828
5637
7557
4299
7576
276
1598
3810
1742
6943
3779
3866
4696
1210
2690
1925
6961
3566
3901
2368
1808
1643
2390
2732
4653
2101
2059
7148
5554
1616
6967
1436
3103
3513
2127
7708
4134
4104
7652
5517
4991
683
5896
2291
1118
1300
6989
7287
6951
69
3431
6480
6066
3964
5295
7185
7082
2325
6008
100
6881
2966
1003
4380
4094
575
1857
1053
5896
7607
5619
4263
5037
4157
2999
2456
5124
6043
1220
734
2057
5974
7793
4311
7719
7114
3843
6689
4373
3223
384
5133
6564
2101
3852
937
7709
6090
5036
347
5055
1401
6270
5784
1630
3146
6454
2967
7516
6874
2294
6849
3777
7474
4462
1947
3341
3535
3632
3168
4733
209
1018
4773
1795
2542
10
3477
259
1995
7342
1294
1587
888
1142
7565
2904
5981
1035
3421
682
1916
5637
1920
6514
2310
5317
4273
7460
4780
788
4371
4882
5679
1198
482
214
197
2848
5294
3830
387
2077
4802
2102
268
1391
910
2262
1387
7467
2837
5080
5964
1494
5547
211
3221
3768
5580
4928
737
3971
4275
4699
3311
7612
6673
4413
1039
6566
1055
3203
5919
7168
1669
6727
5953
3940
6669
7793
2227
4771
2254
4752
885
7512
2920
4527
4289
653
5316
5311
235
1658
7141
4409
6258
2075
2886
3460
5209
4419
7883
284
7103
2977
413
4015
1388
894
4631
225
3161
4364
7479
3871
6407
1616
5731
545
2194
6929
5005
3321
5078
6699
3231
4292
7260
1023
110
7460
1516
5219
3128
78
518
860
6264
1890
7281
4248
561
7388
201
7963
3992
312
3330
7145
7768
4006
4377
3133
6311
1276
1476
6165
4175
2929
658
807
1267
1154
340
4132
6760
4190
3921
6528
3317
2621
1235
1871
2897
3244
4179
5259
4007
267
1134
6294
7143
4079
4107
3625
6269
1588
4871
4477
5998
5978
306
4757
3856
4528
4949
7745
446
7862
6271
2191
7828
5832
4788
770
1112
3413
4120
7371
1693
5877
5994
5818
3192
3656
6455
5624
1664
5286
2197
3802
3807
1480
1403
32
745
4485
5222
5416
7263
4536
2660
7463
4683
3534
5861
1637
5716
1254
4519
89
543
3909
5206
3026
4021
5187
5174
3009
6566
4569
3514
5753
6124
1699
2225
244
7125
1517
5768
2913
89
1948
6136
7074
3004
3197
611
4680
1931
4462
4525
4888
4910
7450
4017
55
716
2039
2484
4913
7036
5389
7075
6349
4887
3486
1757
5872
5621
7427
4464
2319
2619
5754
452
5342
6931
2847
6687
2733
5010
214
3037
3738
3694
2646
6855
6426
203
3388
3767
7095
965
4069
1783
4271
1096
7188
1245
6455
5552
6082
5392
4237
3075
6695
5705
3440
1548
2202
3901
5641
5217
4818
1694
3678
6176
4462
2980
1880
765
648
7164
89
7083
1948
3059
2387
2127
2075
5638
4563
4354
1184
6183
4262
4537
7282
4896
7434
5965
5828
6291
3940
6466
1931
1785
5182
6030
1479
522
7492
2223
7418
83
2140
7130
6057
6121
6573
2691
2301
4953
1549
7160
3085
3772
3740
7958
4016
7378
7116
5564
6338
5610
3805
2610
5270
7055
6305
5470
1720
942
5075
6761
978
6604
921
1169
3834
4659
1800
1457
1402
3532
5088
4532
6630
6550
6806
3817
1144
5230
1601
7395
7615
6198
1285
7389
1883
4424
6610
7563
7507
5892
4856
6419
1298
5807
25
4059
3858
6928
5513
1328
1321
5213
6493
349
4031
931
7706
435
3936
2520
3717
6728
4067
3281
3820
6039
3935
6605
6871
4700
3352
4479
1439
1232
3594
4985
6246
3098
2624
5237
2286
5372
7964
6405
3811
5854
4765
4322
4401
4948
3509
1488
3178
4766
7914
4665
7042
549
5034
638
566
7217
874
942
6044
4031
405
7780
1639
799
1347
6849
3761
4418
5291
1074
2703
3861
2518
500
2443
937
5166
5625
4523
1510
512
3838
2846
580
5080
6319
1142
4179
752
6726
7039
3904
1205
1220
355
2844
4794
2292
5865
290
7930
1622
7107
7105
5147
1389
5147
6708
276
3668
7858
7782
3692
4478
6752
4037
3656
548
5071
4311
3709
973
6736
4302
5545
5657
2265
3178
6149
3063
7312
4719
4332
7690
3675
6765
3682
7256
2035
2240
5677
2488
363
407
3155
4371
4552
3303
5938
7567
6682
1098
2525
7410
2481
3812
5729
7621
7363
2271
1915
754
5385
1895
2451
6855
7998
7131
4350
5304
7555
772
6627
898
2579
539
7870
6731
6222
5116
5151
7124
4771
2029
7080
3651
4020
3581
7019
3574
6954
6529
833
3570
4995
6684
5957
3234
615
6431
7641
2669
2103
5064
7265
4357
5495
7163
1532
6930
3133
4123
1536
527
4995
6007
2435
2896
3152
5396
5369
6566
3609
4865
6849
2268
5030
6497
4984
6001
4787
7817
2400
1832
3299
4305
616
4592
2396
5739
6024
6627
533
2070
5870
6606
6054
4905
3933
47
3653
4424
6697
3812
7920
6421
4103
5486
5978
6815
1400
5806
6076
504
2945
2430
7565
7674
6123
109
7498
5
4931
3313
1313
4658
7504
7595
5645
5289
5345
2220
3491
4604
3679
5157
24
7457
3946
4490
2831
378
617
7096
5684
3064
5226
1480
5976
6570
2720
5625
1373
6933
3075
7255
1053
58
6934
907
6196
2292
37
3674
5316
4697
2085
2462
3912
3382
5998
7324
7277
14
5929
354
3588
4882
2012
3999
6391
5482
1415
6404
7143
2858
2082
1851
6352
3072
4907
812
395
5639
7167
5133
3238
6993
4636
3887
6520
1953
5233
2368
7168
3144
3382
6228
3446
1764
5103
43
1868
5528
5425
5490
5463
735
7986
3387
439
964
54
2036
4483
1842
2930
1528
5875
4674
4399
3087
5602
1623
1088
7292
3268
3930
5171
3584
3291
1697
6582
140
1360
647
5837
7856
4284
6580
2857
203
4059
4932
7057
5258
7341
536
807
6135
3698
7832
7710
7306
6376
3054
4616
7436
7285
1082
3579
1450
6
4777
3096
5137
6692
6438
791
1461
3392
3051
4462
7263
3651
3250
3349
4510
7351
982
4870
3127
4638
145
2632
388
2968
1772
7662
3574
5186
5320
7431
2876
3570
1283
7160
2457
3820
5676
2201
3196
1737
4188
1963
139
6794
4057
339
4488
5043
2723
106
522
5994
6203
4935
4681
4615
5992
6073
5102
1790
2503
5098
696
1106
7909
1509
746
4366
6459
2016
5761
3537
1311
3636
4384
4953
3807
3172
7767
3518
393
7771
3549
2609
1507
1625
5865
6674
3593
935
4623
6641
4393
2013
1196
2686
2160
460
2943
5445
1032
5992
5430
3165
4077
636
336
7480
5372
7025
7927
4658
6684
1789
414
3329
5100
3980
665
6389
2249
5848
1939
5169
7101
735
7693
4934
6889
6325
1751
7760
5253
3016
2728
816
4688
2773
7298
6926
1806
1925
580
5112
3479
2158
4471
3751
6877
6140
3487
3457
2718
231
1451
7122
5164
7535
14
4407
1008
847
1509
7991
6727
1947
4013
4958
5257
6341
7159
7608
1758
6102
299
4070
1120
5413
4804
7240
5535
5215
7955
5363
5286
649
2967
292
1301
5515
1880
751
4341
7659
6476
1458
1586
3992
3970
1565
332
1961
7389
1476
4550
3879
3469
2810
1854
4102
5209
2241
1189
6927
3350
1505
5370
6186
5914
5506
7805
2259
211
1645
4642
5791
3525
7060
3930
2621
1004
6121
6572
2463
7460
7246
903
86
5028
30
7421
3305
3592
3858
2637
4787
1962
6095
6271
5839
6952
4917
3610
4013
316
1525
2764
2195
7228
6513
7927
6997
1541
2424
7588
6803
668
834
3326
3001
1123
2966
2810
6173
3758
3728
5290
796
1343
5843
5092
3944
3006
3563
2997
403
5002
2086
3990
3306
3366
1849
2565
4958
1236
4150
1930
4
7356
5047
6155
3843
5664
2281
154
4512
7624
166
7752
7686
5470
424
3804
3637
3689
4207
7971
3672
1594
6567
7511
1637
2831
3209
3056
5511
3092
3218
6233
1125
7557
6575
7254
4767
4802
2747
2799
2384
7826
594
7053
4687
4813
3718
1474
346
1146
3469
283
2464
845
7822
6071
5396
1942
6913
6911
4866
4477
920
1528
3277
1027
256
7372
3414
5288
1696
5523
4748
736
255
550
2821
7305
1846
3643
5309
5291
5227
1113
2125
3764
6163
7760
3150
5166
7814
6656
6
5049
5841
2695
1655
6690
4619
7146
1984
4763
7264
2906
7133
7881
5203
6468
7739
4228
7972
4873
7131
4464
7309
2414
3542
4351
4991
3969
3502
2243
1925
7211
5778
7595
2564
7081
1605
5499
4719
5776
4832
7932
4408
1863
6335
5783
7582
3119
4080
2995
1901
4432
3365
7479
5459
5902
4514
235
4204
7495
1812
7716
7340
3925
7522
7765
7140
2278
2728
6686
2241
5346
614
4666
707
2328
4152
184
5173
6750
5363
2844
6440
3151
2129
3095
2589
5710
3653
7209
3396
4810
5945
6874
3427
5266
5231
724
5361
5044
3009
1437
891
802
4941
1990
3945
6102
150
691
5234
4073
5412
5435
558
1427
5753
875
3307
6694
2812
1696
2821
2480
5051
4097
303
170
1236
693
1795
7396
2981
7952
3074
7590
7588
1992
7473
1848
1451
3828
619
7435
3312
363
1317
2390
4457
5466
5737
2403
4055
3090
6151
3741
5374
1600
2593
2039
7431
5421
7613
1845
5913
3933
5841
2950
4218
1631
3360
2248
5570
4485
2175
4652
1891
1555
6590
222
58
283
2606
4688
5143
4031
5015
7236
1097
601
7473
5409
4027
5541
3201
1797
2045
6461
127
859
4637
2454
3307
1315
263
7782
3420
7491
7745
2602
2553
5628
7712
585
3621
992
5567
566
5308
7903
4210
4877
987
3257
5828
2843
7533
5104
4833
7293
1264
639
5593
2217
7366
7859
420
5334
1511
2821
4785
6975
7966
477
7689
3983
3128
3271
3100
6228
3297
4021
1422
6736
4646
4979
54
1448
2356
783
7243
7551
2782
5220
4097
4414
4424
7116
5987
7926
6475
2407
1310
1157
7229
1579
3172
2328
1048
594
889
6020
3491
6411
2090
7396
317
3014
7680
7895
3124
6867
6070
3831
1484
1055
7272
1714
471
6524
4914
2590
2747
3372
2630
2680
228
5641
4089
3023
1094
3378
5068
6298
2311
5799
5190
3765
1385
4130
321
4133
739
7445
2285
1708
1808
7690
2743
1298
6651
1660
1140
6091
2960
7305
1201
3065
4944
3362
4984
7732
6274
7297
920
569
5526
6327
1315
1626
2197
1368
4630
1410
2061
828
5415
4651
3467
1004
5551
108
7102
2335
7604
2822
6043
6030
4300
1676
873
2687
912
502
7673
839
7544
7187
3476
1226
5701
3240
1790
2632
6248
3076
5196
2888
5959
6352
370
2082
1602
2003
6558
2844
296
3098
7584
2037
7234
6469
1193
1228
5364
5282
2516
4512
7082
6966
4079
6640
6293
5341
1901
7948
1271
298
1578
1554
7832
6443
2825
7765
7642
816
1751
4369
5324
1862
2476
3551
4075
5658
1741
7826
2233
862
5504
1728
456
689
7612
5616
6833
3548
7251
3372
7246
4667
820
2452
4835
5637
7028
6851
3775
5320
586
5540
3033
1797
7850
6284
7923
2281
2754
5285
3793
1200
1454
5319
1642
6524
7283
6239
987
7172
124
7553
5718
1724
2350
1717
1164
268
3825
5942
6493
6103
5095
5158
5133
840
6289
5821
4713
3673
3395
2246
2735
1176
3190
7722
6482
1359
3576
1930
1494
4446
5208
6959
4281
5380
5835
1946
7949
4231
6758
4959
6259
344
2183
5065
4879
4106
5313
4668
4539
1849
5068
2229
6208
7733
2742
2825
4022
2024
4378
5895
356
2140
738
7752
6183
1260
373
3319
3822
6345
7397
6310
5604
6497
6138
1174
4264
222
1160
1964
2519
4784
3502
5829
3910
440
3810
3448
2377
2434
6894
3740
57
7601
7904
325
3447
6932
480
5868
7511
3105
5948
5713
1765
886
4940
6658
2258
2052
2835
1839
5188
2615
5626
2064
2201
1447
3516
2512
1134
2631
5336
4231
7804
5192
2552
489
5536
5059
4847
2913
2483
6848
1143
674
5850
4198
6339
7295
4067
3851
451
4436
6418
733
3219
883
251
2858
7433
1833
2284
5737
4396
216
4816
3131
5151
3324
3537
1449
1890
1638
5591
1329
7412
4624
6538
1891
3720
4962
7432
2806
1843
7586
4880
3789
3346
6830
214
3506
1901
592
7686
2810
2499
3703
6625
2747
1065
5680
1884
4012
2064
2839
3782
690
7340
6713
2304
6497
1747
1294
1956
991
5469
7135
3023
2607
7573
1867
7443
7133
7617
3456
7061
5602
4843
7093
2428
6138
7078
5337
1611
6629
4979
7817
2815
7852
3398
1257
2181
1849
1789
5493
1454
7727
1589
7938
7597
2
7961
5338
730
1975
2518
4353
516
3237
6209
2574
1448
2232
229
4821
3135
5916
1283
441
15
4306
4956
2841
7051
5189
7130
6302
1351
6353
5726
1498
3703
7501
3846
7116
4571
5758
5924
5904
3601
6778
3567
7658
6352
7256
899
7873
570
6908
5326
4343
5064
7301
2590
3083
7470
3212
3954
122
1100
1397
409
2265
2368
978
3398
1883
3477
4096
7992
6516
6899
1716
2445
4894
5678
3618
2205
4584
3574
5636
2618
3300
823
6455
5650
1050
2018
5985
2115
7296
7629
6149
5194
2599
5661
7183
5958
574
6302
2300
4422
7121
6145
4349
5098
7718
5305
5182
5660
5169
2724
623
52
747
171
7761
3125
7329
182
6804
3691
549
7829
6660
6974
2374
5333
5194
1163
6981
614
2586
4463
1585
2878
2088
449
474
6950
4963
7119
6419
2427
5270
6920
6458
2897
5001
3783
1764
5779
3929
7313
5571
2065
2121
2563
5256
2995
6757
4846
3510
1087
6694
196
2758
3615
5646
7802
4580
1699
1220
1008
6791
5360
1173
6707
2387
608
2569
7592
832
903
242
4282
1780
6719
5667
5558
1619
7818
7547
7722
6091
3932
7919
5090
4195
5576
1152
2364
2861
6566
1953
6824
2161
438
4313
3661
3648
1670
5700
427
6693
6394
808
2459
3214
5775
1582
5498
6132
7776
5327
853
253
3355
532
5855
1524
4921
6161
6511
6026
4088
3817
1938
6237
6318
189
4153
2674
189
6101
48
1886
6861
4339
1946
3604
7416
6906
3286
1997
6405
1015
1889
2343
2048
2623
7559
5469
7526
1574
6868
1317
4946
5433
4653
3623
6434
7821
813
514
5010
6995
5370
1683
216
570
6538
5584
1670
1458
6902
3837
1113
2661
6104
1915
3709
345
42
2541
6292
7462
5152
3295
5617
3106
7561
7540
3557
4693
3445
1295
4762
3565
5014
101
7742
1531
2968
2072
7075
2250
7397
3252
3000
4323
2200
5263
7597
1561
1594
3367
982
2803
6801
2797
5068
4954
5178
2206
5897
4574
733
5840
920
2805
1128
5567
711
6737
7921
1791
2390
6325
3166
1023
6226
7856
896
120
1120
2901
7935
6694
589
5109
7387
2049
4464
3439
7855
5866
4726
4266
715
442
907
6783
4499
2246
3505
2279
2840
6966
3314
5988
4502
1975
6902
3605
303
5503
2438
2226
2460
3037
4241
1984
4804
3923
1922
6308
5973
2493
3537
3244
2047
785
7226
3306
4947
1017
1290
5819
503
3163
261
449
6433
495
3516
2003
4074
2727
5123
4491
7767
5984
4628
2563
1243
7361
2285
1934
424
2120
6735
4209
4051
3038
6625
7987
994
109
210
1494
7387
5286
1149
7870
5840
708
6882
74
339
7562
4831
1027
6476
3166
1970
4874
6945
4959
5942
7069
7364
1857
3858
6551
3531
6094
3284
1730
4816
3395
4117
728
5821
3735
7229
1823
2855
3307
7634
6846
1418
7559
14
6215
7320
6874
504
3101
1742
2687
4661
1006
1257
3542
1326
4708
6387
4965
4043
7605
2485
4340
7833
943
7902
6716
5945
145
6537
3041
1242
3675
4321
520
2653
3580
4521
335
7517
6753
2361
1792
4466
6131
192
4060
1729
3438
1996
7338
7661
7147
1474
3605
2937
6188
1207
6715
817
6208
844
863
2556
3456
4024
2132
7039
5276
2443
7647
6902
3737
7536
2837
7541
6909
1485
2313
6639
5997
381
5287
2100
4049
1462
311
91
1665
6279
3111
2364
6595
2862
2721
5892
4762
7525
2756
575
4995
5537
3367
7240
7342
881
3906
5170
7247
3567
2852
6958
3225
166
2136
5843
7260
4411
948
7890
6158
1903
4968
58
5174
1340
1022
6643
4881
4689
5373
4601
4265
1554
1755
429
7127
7545
4960
1694
6282
6140
4156
4791
7527
3298
2482
5247
1506
3925
1959
4255
6387
2147
1964
7301
1584
3487
6743
420
3753
3865
4682
5271
4167
6045
1680
2822
3715
666
6357
1520
570
632
7577
6860
7779
567
1377
7922
5189
5889
5964
339
1240
1203
3488
7448
6131
2064
199
3724
2823
292
7357
2443
6451
4150
7170
6923
3490
5579
5518
3144
676
2913
2936
1438
1123
3893
661
144
3725
4394
3647
981
7938
5998
5887
4842
7084
2745
4464
4158
2796
1279
1465
4607
4063
1649
7637
7589
1210
5836
3756
4213
2185
4313
6772
2825
1678
1406
453
4296
2261
4938
5297
1682
2091
586
3875
896
6379
3773
5461
4157
4296
175
7027
5848
5072
5315
1738
2783
2514
6978
3260
5621
3100
4907
5261
7347
6152
7295
1801
348
1811
2913
6008
2118
3662
6327
2091
3197
7728
3884
2694
2259
7436
7111
3755
4835
6012
540
4904
4840
2348
6111
6236
2627
7659
5084
5770
892
369
2454
484
3360
6800
1368
534
179
842
1844
6816
7653
1141
2523
2639
3903
6291
4530
3923
5840
6622
2230
4526
2283
3281
7246
4200
7010
4560
7402
1088
5970
2687
1890
7971
5018
4007
60
3799
2540
3829
2760
1854
5653
3839
4331
6802
1762
6276
7495
2413
5793
5997
7008
2791
4155
5745
6435
1436
260
3576
721
2298
4317
4340
4931
7542
7206
4918
7777
1064
7768
511
1220
555
4275
1599
7923
6419
1599
4438
781
7906
3369
143
2674
7178
2894
6170
6678
4596
5788
6597
2611
318
3012
2671
202
1557
7603
3488
1955
7752
5957
2056
1188
2007
7516
2472
6943
3820
1664
643
4739
7235
2097
938
6955
4611
3726
7028
2615
6473
4181
5067
4057
4083
145
3281
5387
1883
5317
5302
7560
2927
6891
6414
1535
7374
2558
6939
7396
450
1619
3675
1960
2890
3513
507
3539
3265
4605
2782
2998
7921
7475
7825
4430
7402
5999
3080
1776
7484
6542
4149
3269
4429
4743
3715
2897
4403
3059
2454
1271
3539
4990
4247
702
7680
2336
4986
3390
2031
2671
1744
6948
1926
474
7363
4746
453
3779
6245
7584
5164
2259
6000
2916
1668
3305
3584
2326
4069
1485
2392
4434
7440
3157
6907
7102
560
3673
5714
3335
3636
7243
7841
1989
3847
1080
475
3207
5944
5854
5087
6063
5454
1955
393
4230
6069
1748
351
3709
5397
2463
5421
2813
1615
867
4856
6183
7596
2269
3811
5946
3421
7354
6279
3861
3801
3680
3326
5019
7933
1551
1817
4382
5680
7380
3218
852
7183
911
180
7978
4425
5173
7262
2857
1270
7286
5673
3619
109
7767
4177
696
5770
1795
5122
6125
5214
1540
924
2495
1297
462
3228
3301
4161
2339
6920
5629
6442
2125
2092
3104
3325
2768
4863
6275
668
4584
7947
4302
5949
22
6888
6389
206
7712
772
3538
1518
4247
2990
1439
5857
7291
275
1617
5584
2505
2100
1197
4578
2568
904
5856
7692
2821
4978
1070
5076
2037
4811
3682
5954
2425
9
2890
5128
3723
7355
5211
7012
6172
2245
1807
1169
4239
564
7397
5522
1270
2519
5833
2699
7148
67
7361
7974
814
1154
4828
1385
3676
2382
3882
3544
5277
5793
4118
7220
3567
2023
1556
1880
5972
7098
659
1959
901
5752
3989
6117
7627
5522
2606
5015
4921
6414
2435
5068
6646
3123
4322
7369
5461
1116
2610
7473
7183
315
4328
505
290
6143
1004
3356
1116
740
5378
6222
3712
1846
2813
2908
4087
3853
7788
3226
2035
2818
2689
4065
186
2597
3364
3622
1985
60
6832
3756
2477
6483
1679
1057
952
2415
4514
3056
1448
6645
5184
3979
4918
6409
2941
2832
4611
4884
2569
2564
3212
6742
5436
4164
3840
7478
6964
128
6708
4012
3249
724
6683
4481
7069
1378
3877
3876
1856
6460
1779
481
921
2678
3078
680
5446
5362
598
5251
4029
5492
1760
2716
2356
4725
4164
4463
1756
1504
1732
5592
1531
7258
4009
7593
2271
4417
2427
6824
1674
2553
5509
416
1127
1267
3094
6588
6544
6821
6880
4892
7417
5058
6108
700
7959
7492
6504
6062
708
2896
5092
2213
2355
4171
4864
3461
3330
5261
3307
7643
3340
3619
7282
3847
4386
4913
7781
688
5511
7833
3769
496
3689
7906
2885
371
7824
2966
2664
2026
4115
4526
3590
3960
6207
743
1412
4720
1256
4467
7404
7533
2582
7195
2674
6519
3962
4381
4959
4983
7379
3945
3116
2352
4336
2943
4517
1301
6617
936
7604
3169
877
897
3160
4382
2977
4417
1158
5067
7990
1061
5160
1151
2889
4180
4905
4065
2715
4067
2081
6674
425
3398
2420
6612
5502
7662
1370
7050
3888
5162
1183
5608
6048
4658
753
6179
2326
3652
6561
4714
3660
1186
6466
1149
4711
5098
594
3936
2291
6690
393
6800
421
4056
6953
6955
7365
4126
6409
3168
5663
226
2909
7405
2675
5122
1767
1805
4841
7926
687
5261
5104
6415
5098
6631
424
522
532
3752
2604
6638
622
1791
5688
5490
3924
1659
4816
597
4400
1091
3797
2523
3747
1613
7915
1443
7001
968
5969
4903
6873
1968
3690
1715
1682
7509
3089
3647
5496
4050
7591
3974
4198
5926
2917
4224
4673
74
1411
6832
1637
7955
7128
3421
6937
5732
3436
2442
5143
5046
4731
6751
2456
1439
406
3060
1183
4762
987
3029
3094
3445
1257
3090
6005
6699
3770
127
6896
514
2601
7034
4203
6313
397
574
5856
3568
6090
5100
6782
4405
5219
5616
2495
4704
6235
717
4934
2608
1932
5472
7631
4190
1984
29
6666
1090
4276
1968
902
7541
255
6452
759
3755
2955
1384
6905
3503
2883
3700
3965
2617
6874
2259
5552
7721
3817
2171
1195
577
3376
5073
3021
150
7145
2449
359
4735
6989
4131
7895
4667
451
3645
1869
4437
7256
2631
5429
1164
2213
1626
3272
7597
3542
7837
5497
7267
2379
2719
6236
5496
4280
2428
716
7171
7981
6262
6154
6023
5946
2477
2303
6449
2559
4397
3853
2515
1126
6251
6669
2503
5390
5820
428
1638
3319
6857
1336
248
5957
7716
7959
3378
6778
5985
679
3874
6766
4909
2905
5071
2395
5366
2116
2007
5597
1294
1173
1491
5806
3276
7745
7288
6451
7896
4447
6347
1169
5270
1079
4408
2901
6471
52
7208
3624
3566
3379
2831
254
3304
3646
5631
7302
3841
3275
1932
5875
2948
3344
7451
5797
1920
672
4988
237
3907
3309
6503
4325
7726
7637
456
4649
5812
6661
656
3402
4032
4822
170
5400
432
1537
3885
2655
956
2083
612
5914
4889
4392
231
6466
7835
398
3075
2761
769
3160
808
2479
7997
6752
7578
1793
7294
5616
5669
1544
1114
2609
7569
3380
599
7331
2155
1525
274
5645
1956
6653
2106
4820
6463
7438
517
5887
3724
7863
5344
1049
7545
6739
4537
953
380
1425
4072
2167
5997
5106
7395
1033
2670
5868
1347
6382
3518
2932
5511
2350
534
2929
7240
2130
6554
7780
5858
2229
4931
4137
181
7200
5155
1385
5212
5546
7214
5758
1429
1258
2607
3340
2452
3197
1887
7612
2012
7171
7328
5481
3343
367
2110
2246
6447
1854
7548
6954
4877
7768
6024
137
5900
811
3699
4383
1183
2640
1934
39
957
2343
5006
39
7147
2171
3629
5288
4955
1377
1643
3774
5361
2191
7594
6823
903
5133
5911
5553
2587
2286
5586
5876
2255
7375
3249
711
1940
1196
1032
1727
396
4716
2475
7665
88
7180
5926
6628
5431
7468
4553
3616
1194
7208
4394
2922
1972
821
4214
1826
5023
4190
3790
6599
7827
5558
3165
434
7504
7112
2205
6972
5128
3382
7208
7266
227
4818
6461
1838
6131
1835
6428
3990
2775
6298
1172
1452
34
6114
5721
3974
4438
4757
5126
4834
2399
3574
2296
1582
1770
3341
310
6358
7335
3462
5356
6158
7634
3295
5009
5290
4367
5441
1056
5825
7777
4459
6009
5867
6957
7723
6892
6239
638
3392
1551
6731
7963
1122
2073
5804
3018
35
4736
1941
800
1118
3974
5406
6415
3720
4280
3505
3922
2020
5699
3536
6192
3477
7985
7338
244
7569
7784
4759
6480
3924
4032
4682
4407
836
517
2800
7576
6720
6180
5552
3372
7020
1884
1075
1788
6411
5175
5405
7554
3790
2053
3347
2077
4616
6145
3200
4810
1011
4357
1221
1540
7931
6502
212
3835
1273
5147
7532
6641
2518
824
6403
3090
4344
430
7262
7315
237
438
6854
2152
4711
2106
399
6446
3342
1891
2692
4446
3603
6697
6278
5908
1102
6221
7165
7563
7427
4805
2231
251
4368
3922
7953
7955
5290
2153
923
2300
2987
2722
1480
4554
1268
2915
6636
5333
4081
6768
7970
6913
2394
7133
6767
6168
620
4542
7166
1758
6787
372
3160
4418
5316
799
2070
3369
2143
1368
456
7325
4783
7061
1776
4020
4780
2283
5475
2993
3008
5665
6410
2710
3742
6268
4689
1518
7587
85
5361
3739
2908
2400
186
7422
2807
7244
4462
5217
862
2637
2094
1961
2509
3745
2482
5357
1253
7334
5254
273
6860
7413
2178
5484
5672
4914
3983
6048
4475
2315
6437
2937
6526
7651
5112
7247
1022
3322
3408
4617
5196
7166
2058
618
1280
5597
2250
707
6754
16
3461
136
3791
2799
3092
2112
2761
5929
5073
3186
1605
5529
2936
501
4202
6539
4805
6189
7244
579
1743
322
3340
3096
4498
2568
2939
5673
7591
1983
6318
7483
1749
4334
2253
1973
6768
422
3552
5973
3206
278
664
7247
3832
7571
4494
1478
7089
6608
2258
6667
4153
2772
1111
3700
3222
4113
1592
5346
7102
1970
4393
1408
3727
5253
5902
3281
6038
2585
503
5151
2562
3346
7248
3012
3405
6204
5665
133
7439
3845
771
3367
1728
5816
1665
1497
5194
4910
6159
4814
7968
4079
6802
6182
7536
894
551
1483
1652
4158
465
6581
2149
3995
444
1590
6385
4953
919
3591
