10000
7157
11965
9180
29363
14387
31899
29905
17639
27394
3198
19374
20736
7826
12264
6549
18236
28475
14229
18729
30482
32491
3595
30568
7960
22032
15119
28358
17234
4220
19452
10986
9044
29417
8040
7001
11628
20579
18928
2181
29755
11315
3650
6389
20395
20882
2497
18283
12832
10194
1564
11142
22152
5079
5658
25590
30675
20591
27016
10760
17853
2494
24315
2175
20614
4137
10269
23097
21018
14947
15259
8949
22452
1451
9311
9231
22716
6153
23989
19681
10722
25085
28122
18655
4361
15078
4710
17063
26831
13268
2373
27729
68
28385
8410
21792
2738
7215
16498
19321
21186
13490
30584
18535
22149
27447
2029
13211
12610
28558
17788
21640
7403
17698
22891
21707
18388
3812
28742
26690
202
27972
27144
24521
5826
2093
10832
19008
6882
30404
19637
26104
29394
4922
21535
695
32741
11429
18716
8487
12837
4304
23914
3599
2525
12614
32555
6970
9989
13105
5925
21264
4592
4843
433
25481
31387
8860
16603
2486
11904
30008
4872
6356
12879
5434
22624
28194
4179
18609
7792
21680
3294
20976
8293
28623
18666
3590
31290
6650
14333
3235
10663
9774
11942
29141
15854
2129
8852
28528
23110
15045
16156
16134
8156
29427
28701
6198
9512
14115
25761
20560
31404
28869
1751
2935
7619
16478
29650
2587
27777
25498
3385
21320
12181
21531
18274
13413
24529
20066
859
31646
22766
21756
6983
17635
24534
10598
26179
203
4727
16991
18343
1842
22608
18046
14685
16423
9075
6520
32295
4014
11778
10821
2641
5089
18485
18913
16008
20771
25996
12931
2315
18245
6168
14838
11263
8025
20770
20609
2909
8127
29118
20531
11767
30061
14951
30299
32180
31869
13576
20843
13316
7212
3557
2849
10137
22439
28538
7965
17668
23561
17047
27313
28690
31180
24400
17197
27148
27337
32617
20077
24692
3448
16178
3262
23494
9692
12663
9964
8541
16440
2286
28127
21129
16013
19567
31262
9420
20336
6612
7364
26971
9725
3154
4204
3580
7055
28371
4588
1166
586
7107
31584
25059
15207
27987
5662
16573
22882
31624
15444
28579
23273
32375
16221
5759
27219
16482
5087
8052
9763
27412
22246
16831
9302
16706
32285
25417
24810
14457
16712
27195
12115
8791
15547
20059
31725
22236
13161
23797
19232
12539
29851
21072
8437
27290
24506
21728
5552
22017
9693
29105
31872
527
15985
12980
17166
29196
17088
20559
18718
24328
4345
6259
26402
1247
15219
13005
11695
28682
20695
24021
9366
7204
7842
10984
14167
10807
8921
28460
16916
11714
15916
31277
25392
19963
1764
6998
14314
11551
9867
17954
31249
28764
20521
6841
5280
8717
7609
19028
11993
2347
25885
29514
14337
25549
24420
31193
20447
25984
5600
29103
4923
17337
8892
19003
31376
6054
10480
14611
24939
26991
23000
20645
15648
841
23389
28316
11672
9552
20822
13444
9300
8409
18865
4540
27031
22999
29871
4583
29684
26617
24764
11861
21431
16299
32399
9713
15184
26407
17618
25124
20553
19688
885
11468
29003
4126
28107
12281
20029
14343
3474
24170
1492
31972
26590
523
597
18642
2595
5363
8973
7378
16597
20064
13527
27691
8648
1582
21618
28215
701
4663
30520
29440
15694
16677
5423
18376
9232
14139
10564
13741
4988
32247
30655
11879
11325
2878
1163
3593
24873
8328
6237
24379
5884
25858
842
19270
20710
19186
19518
18392
21263
12250
8521
6098
15320
25302
2990
30863
20316
28925
22544
19503
262
13822
20187
495
16780
17042
31663
1175
17111
32093
10540
8272
13070
11137
2689
18152
2920
5687
25226
3197
16797
26421
30215
25555
30466
3838
22667
17556
23064
30135
22681
15663
108
23501
19219
25740
30958
2636
664
6607
25711
18243
3916
7753
15027
31442
14711
6566
3445
31772
14559
8051
4029
12401
16848
2704
15462
2217
20273
4492
11
7712
9128
6382
2723
24462
29699
19201
21164
32763
28788
14265
4742
7969
700
18623
17578
16766
183
22255
24532
30411
15343
23115
22934
2756
3249
13006
1464
15129
24361
8305
7051
41
16481
31857
24362
2669
28470
6179
26653
25746
7065
29158
19911
7610
23300
12455
17022
2020
626
14396
3481
14768
3638
1826
12757
23666
16998
14517
17662
9650
7321
27489
7433
10340
16077
8341
32244
29210
3044
25991
497
1232
12719
32528
9645
8188
17966
29907
6369
30249
4957
27672
4803
26947
19806
15743
4557
15321
10189
18327
27141
22597
12158
4778
242
18018
25544
31841
15150
32452
430
13858
14603
30350
8575
22892
1644
7830
16617
8504
18966
11619
3228
8802
26038
26244
13371
30664
15693
17449
8063
10335
4865
31438
27126
566
9170
12057
8103
23599
10796
14240
5785
4147
32078
1425
156
10151
19605
3007
28878
2573
29208
18534
778
14152
12664
23244
3243
3968
28676
15227
19511
24485
2529
26461
16886
10707
7091
30414
10985
28756
5183
17284
29390
11524
28674
26114
30906
7453
11921
23898
8691
119
4861
22367
2410
5396
20325
20146
5123
16925
26143
8363
1539
14188
14668
14249
24955
25152
17579
3217
1641
30561
9675
6951
4245
25075
13415
16827
8900
1763
9687
26467
30691
18755
23066
4666
9365
20546
30181
19284
12118
7343
12872
26755
24753
20951
5282
14526
25363
849
16895
8905
13239
14886
5716
19773
27800
24508
5827
5945
30960
17368
20982
21304
7189
22517
27082
21906
24833
19950
22159
31175
7592
19242
30437
23818
15195
22847
31546
21187
25814
12901
18444
11094
18192
31259
11272
6999
7721
1695
25741
11934
20958
23233
30644
22103
30643
30330
31984
19841
3325
21819
19994
30429
30871
11062
27694
31700
16865
31760
20864
9154
18880
9309
13031
21257
22437
20798
18147
8196
30510
16311
16637
12216
18673
18045
4775
25938
31661
27674
6541
31407
17049
18768
2599
14695
26454
18142
6712
25091
3653
26633
4960
29404
21605
25094
17810
23035
9577
16518
19408
9836
8097
6661
21770
23168
24930
25097
8898
4848
5792
4116
3935
22742
19231
8884
21172
19723
26019
4589
15115
16470
31349
30145
16903
14522
25669
17409
8325
312
13432
30626
28882
13990
30289
17776
7961
28996
9487
1023
16101
24726
933
16565
24915
7386
25911
27048
31401
4560
28922
16102
17714
21196
24057
31739
2282
8603
29144
3170
9957
18489
977
19443
14126
23920
19416
1682
32447
26291
18009
15445
7520
21373
5023
26013
4016
12857
3135
29242
1912
11554
22052
17112
24657
24378
14047
31334
27226
17985
6825
32153
24471
31214
29991
26200
19130
19720
596
14120
16253
30940
11211
13057
6826
7326
22930
19326
11838
12699
21983
29136
9140
11012
12361
12381
18649
858
18804
7188
157
28609
16615
15432
12833
5490
1121
9795
1312
29758
16507
17758
29095
145
10492
8586
11361
25618
1071
25811
10584
6906
30756
16056
31838
15601
1352
27871
12754
25169
30952
8938
27667
17443
31097
10460
14194
22204
22417
20411
25412
8773
9294
559
9193
13494
21668
21941
28317
12332
11819
27385
15649
12638
32499
5777
24258
28440
18449
9307
18614
17755
31587
11829
19088
23621
9872
24869
31554
9145
12765
10195
20845
7234
21705
17441
23809
17944
7793
19779
9799
15687
23433
2536
23816
20497
30058
26127
2575
10148
17235
9632
6283
22852
9093
13041
6632
4170
3034
3820
4595
6971
22388
641
20313
12456
1996
11078
7075
18088
2041
19882
31443
8361
1395
29180
28834
5222
23301
16364
12826
28627
16351
5771
8628
20015
1889
4285
26344
2433
27724
26116
31955
4899
9695
19561
17931
27945
21627
18888
16834
18915
21623
7488
31808
25224
8993
16142
21423
30448
12193
13673
24115
27266
20112
20004
2572
30708
13904
32564
31399
10341
22944
19983
32450
7310
29325
23906
28274
11831
23286
28005
27078
14038
914
8164
12766
24428
29255
9876
14888
7218
26474
3964
2853
19707
9448
27971
1584
1200
15508
2321
32644
28390
22421
14042
20250
4120
12540
2540
26517
12672
26142
29189
19917
342
26510
18352
20117
20120
17477
27426
6757
6693
8316
18696
26156
4897
30581
2833
18713
24515
860
2343
30237
11729
7179
18822
697
1657
4337
30824
1239
4505
23150
31942
1174
2892
27739
11816
27657
6479
31966
17208
5287
31536
30951
16936
14420
9816
12886
18480
15651
8810
4510
32461
15442
14531
11591
10407
22860
18761
8744
19347
27651
27054
22893
19965
10214
8639
28494
24306
1299
25620
10483
26568
13942
30485
13618
30381
5604
11871
25540
22261
25564
13493
16079
27508
9608
26519
488
26562
410
26783
30367
17870
7508
6803
25030
22431
10348
20337
15351
27330
15106
13264
22792
31216
28897
824
1198
15618
15657
10849
20061
9459
10555
5855
25375
8444
22768
5897
16380
31750
10219
17051
19955
15019
28155
15401
14633
22961
28445
19764
13650
18661
10648
19193
19212
16957
21314
22887
13521
11917
12397
16150
15891
6518
29715
29814
19402
18516
3608
19575
17784
27944
30745
6807
25651
24244
15042
8821
13956
13290
11339
2485
7623
26764
22538
21865
14813
19705
1611
32611
24848
23563
13936
24945
2131
31794
17048
18395
9698
26719
16407
29664
19847
29516
4681
1656
8053
31653
28670
13357
19618
24113
13513
18517
18093
32565
16019
8969
1326
27779
6675
19974
32425
9209
18927
18945
6156
12228
8650
27364
6197
25083
10201
31863
14800
29716
31364
26535
29661
4262
25381
8960
7531
1723
3019
7593
4753
25965
23990
15389
3386
24841
21897
299
17146
2278
22789
28301
7066
15524
28431
13099
13414
5761
20812
22157
24985
3487
23622
23597
18982
27845
11439
27052
530
30806
27740
30176
17046
14770
6529
1818
22247
650
20232
27075
19958
31382
28177
5982
12803
21752
24710
4612
30167
11799
32725
23381
9106
11924
14123
11830
21102
2741
18683
32744
12912
11185
26124
237
18100
6905
25309
32527
13373
6827
8983
26417
6995
6277
3985
29686
23650
16817
23340
1260
16992
20013
1957
10716
7687
21961
20076
24145
24855
8771
6681
27120
29287
4074
26135
30105
26495
21161
26613
17282
17287
17661
29145
3499
24150
7187
2870
15633
11453
30750
8542
2453
14836
7415
16292
14368
1966
10150
1002
12374
25128
20115
28596
12106
4829
9082
6708
29958
1218
2521
22939
15786
8509
19493
28524
9980
5056
5333
26707
8511
31292
25732
22843
672
20398
16697
18952
800
21171
14650
15599
20416
2081
4201
19502
29087
10134
9419
23983
9564
13141
27632
2765
30662
25782
8601
18582
831
5487
795
2123
17164
10563
9108
16312
7437
104
31367
14437
24481
14361
25460
16683
13486
23806
3392
25221
20464
3897
10666
6420
31069
3998
4645
5020
2900
5305
21353
5589
19686
24410
16800
31406
22508
32721
7492
18563
1679
7733
10706
13114
16809
32277
25817
28573
30364
12107
26820
14520
5753
27591
21202
17453
21528
3864
30780
12852
2340
13132
241
19731
12159
11139
32161
30592
25031
17036
1505
25764
3855
17923
879
6016
2252
21144
28702
30057
24561
20427
19407
18789
30355
13610
17812
6208
28720
766
16241
25133
3901
9854
11614
26631
17679
28306
8259
16891
16320
3986
16727
10753
27247
14651
8413
17302
24893
10246
2474
2065
1345
8160
16283
4010
18502
17070
8564
2634
18118
28290
10945
6373
23056
12384
20
23287
11661
17650
984
6027
20425
3094
4918
22755
13808
10702
29849
25265
21931
3925
6835
19722
21635
22040
7287
27678
1558
7493
3088
29170
18092
19541
3324
1995
8230
15279
13263
7474
14515
6477
3895
6546
9040
27402
25262
2297
13802
31020
26312
31167
23912
31267
4990
28894
14164
23576
17950
5384
19027
231
32419
9689
14091
17896
22505
26974
20790
26976
17381
1913
30653
14430
2996
15619
25835
11567
8151
19181
19586
31212
24118
6873
14623
17464
18958
3358
31460
10391
16183
9616
27703
29584
136
5330
9681
25170
30512
22055
13697
19961
27187
1911
17161
21643
13043
27137
11153
10526
25745
31356
15292
1646
9344
28550
11050
13018
29526
9374
15955
17006
11740
18057
31151
1785
23922
15752
6731
17154
28153
8029
18233
12060
31204
6433
25914
26473
27961
30228
24459
4669
6339
1895
8693
2268
30116
30648
24242
13726
9871
30317
3767
27423
25641
2736
22646
22036
8933
31470
7664
12379
24382
23924
10076
17141
23607
17473
29892
26865
12166
14528
12026
20873
19594
14280
22435
2011
2685
6925
20384
29421
20693
19491
20537
23072
12416
13520
9704
371
15719
7016
25186
7193
20243
30255
4987
29048
28476
14680
3762
29252
10249
26648
16854
25222
4425
7013
25373
31114
31475
23712
28370
3287
15356
7642
21146
7203
24492
4110
19860
19315
30709
28212
16362
9582
5414
21169
28071
6006
22661
32542
27396
18948
29517
24646
16810
31098
22510
20245
29176
28147
427
21904
15737
10258
2187
20573
26925
24940
15541
272
11198
31567
27477
21995
6442
29858
24888
1734
18368
31489
22167
19094
18884
32082
27312
17360
31888
17636
10120
11427
12728
14643
29442
14317
2087
14332
20465
32572
14198
24512
9974
8519
17510
9058
10815
32038
7651
18848
13417
6941
7278
15722
20707
26591
5712
25492
29886
18413
20453
5706
12266
12335
30769
28721
8957
31503
6321
5977
29811
5193
6192
30085
22857
29068
8793
27502
17737
3677
19997
9087
17534
14932
29063
7425
9
1741
28327
20584
11482
18098
7357
8599
31967
21925
10346
8845
16305
29575
13727
18699
24234
30032
26969
26155
29374
17232
8034
10122
22853
22712
20179
18876
14268
13429
12410
24406
3742
6643
28332
21641
16687
31088
4670
11792
9822
15177
26141
28435
24124
15308
1245
3780
1871
7412
6427
13926
25395
10864
16094
10279
9956
7306
4940
11436
8468
19250
20383
8820
7986
6755
4898
5950
11696
26614
22533
2840
1391
5638
8255
12044
19078
27215
30631
23993
29841
784
15208
588
16400
3278
7908
1604
25795
9607
23877
16945
1104
18138
25880
538
22394
20362
8177
26777
19578
2998
8879
25164
30710
13968
23095
19745
24876
18737
26709
11805
15235
19176
27664
4507
20319
14452
25398
29922
1195
4255
25959
14096
11717
1494
13743
605
14111
31831
22808
31092
5171
8061
26072
12550
22745
21586
15240
13129
13460
13524
16859
27003
19124
7236
30860
27874
21949
22292
9195
13077
32107
8245
4946
8748
31327
11451
26078
30106
15225
30862
5467
27810
32327
20346
12730
2598
20775
11914
15391
19533
26735
32030
22314
6383
23860
7048
1331
25658
29202
18452
5348
11507
17945
29902
20247
11987
24448
10464
9946
19713
28669
32326
1196
27573
11074
5083
11785
16527
10662
3335
12603
26927
4764
1705
9806
16005
20482
1777
29122
22864
31264
32097
19305
16196
12784
20911
4477
1313
8496
30298
26221
15254
25901
29538
21797
20500
28574
31667
31169
15390
25989
30504
18993
13554
31583
18154
3829
27751
24381
13996
28055
24177
17593
6729
4079
25926
25449
21333
14746
19747
17371
30868
3232
25803
29926
25650
17600
23018
31033
29729
25288
32410
1633
13369
23812
7896
300
26314
10871
18252
16446
24879
26092
30468
3962
26485
15349
25722
15257
17291
10620
18402
10949
25856
12926
4932
14599
425
29375
16254
30841
26325
28696
2873
3125
3147
26858
6894
31690
20407
29771
32632
8975
15940
12489
1187
26644
2757
27449
19056
2025
7217
12802
11609
22823
9652
21508
23436
17526
27786
31222
27306
23384
12099
11586
23068
14467
30339
27278
3373
31147
11764
21439
5377
32015
24158
25189
1374
8557
25609
3744
8291
15069
29601
3018
1773
1094
1690
12639
5403
1387
15602
13058
6627
6977
16899
27004
16391
12566
1837
27470
30804
4455
28337
31505
5118
16688
26983
31449
17706
20180
856
14728
2354
8262
22778
7870
15556
15644
20168
12686
3124
15557
20570
6142
32210
2859
17762
32509
4521
18015
5748
1340
1821
32550
6225
30656
8660
10159
30763
10771
21816
8027
12916
13134
12653
5959
8686
19794
24894
26031
5907
2969
8940
4160
22601
20360
27101
1450
19574
24000
24184
30421
8864
3353
5889
16822
26320
26245
21821
5672
26624
27268
2926
24782
6110
3252
28084
30351
23837
22811
29918
14689
12670
32448
16547
1216
19451
5798
19857
25930
17469
15139
20378
17900
26528
1681
22116
7506
8910
20817
7330
9096
9781
20745
3835
28196
13507
24296
31710
30014
6608
23520
3661
19828
23044
20321
4597
16841
78
20514
18460
1208
935
13012
16646
24700
10231
30322
8865
27792
12651
18074
11314
24203
13055
17439
13819
27084
30300
23722
24990
8942
8576
29142
9890
21773
13358
30658
1168
27790
29193
29549
9837
14574
73
20420
2513
28899
10014
23941
27196
11080
4024
16466
8099
9753
13596
3867
24568
25145
8926
6334
27131
28400
4128
26250
6823
19984
3423
14564
27561
32085
13558
26465
26322
27766
22483
11550
21846
15173
16877
13646
19076
593
22490
21878
28830
8084
18440
2489
22379
19230
28156
23549
28966
29369
17693
2857
26699
25294
8782
23933
13542
23438
16297
25273
13094
3068
3776
7988
17428
17748
28641
13341
9073
6455
12884
12340
29704
234
31179
6888
20496
12548
16332
12842
20228
32551
18420
21367
31172
7867
25110
5738
27273
13285
9848
23338
3120
21206
30965
17132
5279
21835
19708
3354
16195
15436
21772
14114
21316
21723
32654
6956
5379
21732
22613
13989
12249
5646
13972
23585
32516
24584
995
15131
26410
15571
20279
10879
15359
13075
12243
9833
23041
11136
28933
11701
24890
20357
31265
6386
1664
30363
5433
17330
11496
6444
8867
8290
18445
19385
16512
10401
21681
30396
31124
8530
26522
27177
30562
12142
26655
13066
21243
16111
17818
2327
1108
18195
7124
4281
19157
13732
14972
7536
12127
28813
7821
13350
10490
29199
85
8999
1545
20939
27355
18437
29578
24104
29002
26789
8907
23539
13337
18483
1003
56
6258
550
11480
1069
20534
28149
5618
29645
31588
11066
29652
4052
14638
12273
31260
28580
16398
20942
712
23204
32191
14737
29638
15051
30004
28193
7510
30565
26349
30171
14964
21287
26594
16104
363
25545
31627
6668
5163
13937
16725
14615
3906
11720
23031
5737
20422
3589
9814
1010
8340
9587
4182
3437
1167
9701
8356
8394
10910
15991
6840
16301
8625
32664
13683
12269
13051
17032
632
15
1820
10779
18020
30186
13424
8953
29865
2188
14290
182
5772
21317
30467
19787
10803
13353
18321
18188
28279
22569
17560
23655
4156
5883
15457
26263
4604
17018
17601
21866
17215
25760
18255
1077
2755
13379
5640
27093
14003
12855
24500
20098
11659
8681
12633
18674
29347
25193
16556
19711
28450
2581
12542
295
5010
7579
9382
22343
22291
20183
19395
15185
28865
2633
4343
572
5810
21687
15411
32054
9682
15420
889
22560
18899
16377
27002
18736
23385
21826
28294
2285
20893
7296
15149
16548
19809
14684
1924
32422
21195
1888
30778
29269
8428
19939
2985
2706
32243
21036
12067
22296
20595
18331
24826
22479
17192
29793
4892
11366
3420
29455
20981
28711
9490
11059
2844
2893
326
20721
31229
32416
526
31184
5710
29441
4038
11060
5609
14186
25833
32636
1825
28353
6070
5376
324
6129
1655
20375
23170
11393
23671
448
12958
14943
25367
22429
21569
1571
26642
28352
17710
14639
13790
26347
21979
8923
16028
26997
27466
22722
26731
16796
22158
12271
31501
8147
5851
23527
28125
24903
12917
26231
2541
7095
11097
24168
22595
21504
4653
26799
28135
25852
21460
25899
26449
22822
13730
14857
13593
17189
4270
18904
17936
7286
28631
7327
22029
7467
28248
20519
16176
15612
21530
30250
15379
27238
24176
29021
31312
2177
14781
10229
25904
13295
6065
21286
21625
14829
7221
631
30474
17827
26182
26201
24538
6375
4194
30652
12935
8285
23060
25235
8742
32377
26067
24867
12777
6131
5475
4682
3547
13763
9856
11020
15763
5863
14543
7709
9406
8839
22884
29031
14422
13777
14238
965
10102
16969
5100
5509
22391
12390
28514
29963
18185
30240
30690
30933
3740
25981
14041
11305
10005
28622
14610
6458
16319
16654
16200
31050
7848
13093
20615
2048
994
19457
254
14604
19109
19308
30835
26050
20124
9761
11342
15668
20751
16018
1788
16672
12707
19319
4882
22164
12834
32720
30372
19879
8929
9821
17879
25476
3900
7643
22687
18473
30491
23463
21276
27307
22154
7934
18365
10192
20039
6215
15699
18431
32008
17565
4072
17937
27083
22072
21953
25442
20305
4943
21837
20248
31374
23659
21903
31273
22997
26426
27750
11189
6957
7877
14828
30558
22493
31647
10613
26917
12313
23686
23825
27190
27017
9792
4401
18717
11546
25321
1379
16531
7058
30715
3934
7277
21411
21808
6597
27834
4410
16443
13664
32469
8881
19234
9993
20818
11389
22119
25064
12095
8540
519
26002
16840
10208
10200
12364
8452
12468
12890
11132
1506
3059
22996
13582
25957
9409
27222
1090
22268
207
15587
18260
21813
9025
14376
10537
10520
32556
32252
29408
27880
3210
6123
15560
31171
6701
7886
12370
26518
20887
11562
23364
30719
27134
3794
25796
31164
27110
12569
6939
871
17622
1418
12155
29929
21599
1950
23446
3813
27959
9286
13343
7746
3656
13405
9862
26804
10058
13396
28174
14649
20340
10738
15341
4392
24724
4607
6316
7937
10998
10548
6756
11866
20602
19695
23557
22315
14934
1473
9891
2658
24080
15371
24998
16587
26015
26541
10897
19718
26702
29264
14357
16898
24066
32533
22515
19613
1205
8561
15797
9348
9264
15168
7464
12214
31641
14002
11756
13261
23432
5739
28117
32254
22058
3574
7551
4545
11440
20460
4881
13354
21940
21173
23902
14328
4494
24340
27239
32000
12683
19343
10030
22739
18004
26557
26664
14532
2712
2329
13762
4528
11911
3463
25872
7347
20144
31964
27890
9741
8535
10926
1085
14283
2230
11752
9913
8439
2862
30139
20472
32704
28921
13619
20684
14609
23601
15951
15518
3412
29049
31024
30091
15435
17615
29705
7527
10095
6962
264
18735
7447
27520
11326
11130
13551
31523
1173
27329
7379
6091
28920
21212
1663
4248
28397
27725
9802
32019
19732
8368
499
22632
29717
11086
26845
8966
1075
9142
6288
30602
4469
23662
21241
26046
5317
4662
776
309
16224
27208
13428
28618
15935
28845
415
12806
32635
12081
13878
32540
19834
4464
5960
28322
17183
32732
2446
16024
8538
27575
25049
1747
12310
31510
6454
16544
24823
24648
5179
12483
30679
13382
15361
11954
24892
4550
31895
7914
30924
23020
8367
15861
15669
17984
19172
7392
1020
15157
27297
8697
11469
19472
22950
24735
1892
6175
15615
20257
32159
15005
7881
20616
5093
32330
27370
26139
27598
15160
17665
10489
30121
20963
23714
13095
17162
16636
27970
27254
6703
15764
9720
1262
6543
17697
32127
26673
21252
3734
29974
8273
31574
7490
14687
22921
7350
7068
31948
3904
779
22030
23327
8893
15492
23454
18747
25714
29620
16153
17231
28026
26773
4319
30524
14787
12288
7562
7450
7167
10067
29501
7662
2686
7022
28654
31716
19655
304
14583
18250
26524
31199
23593
12873
1514
27642
29385
8714
4868
28429
1409
888
939
19513
27282
30752
20711
11697
14016
11319
8480
15850
27757
7742
8320
11953
11605
28207
4573
10838
3505
1638
28003
11377
8349
28663
4797
6812
18653
6959
13533
31293
18853
209
8430
32605
2277
23175
2501
1328
1575
32435
16656
8020
24065
5699
2745
32113
23879
14088
5110
16620
2780
9981
16255
4246
30502
1403
13233
14425
32066
10558
28824
26452
28765
16149
32227
7588
29107
20816
28160
24766
31945
3196
26011
14281
9925
3424
14977
32437
2983
6388
2120
349
28015
8424
6186
32618
25625
16973
18276
12860
16758
8282
13861
4636
8088
1516
32711
30221
29415
21615
15745
3097
32250
2448
19377
8154
12195
15137
27326
20264
25701
13764
10337
25331
16812
25503
6264
27673
18896
16425
27616
8608
22430
19891
30252
6490
30206
23427
25816
23862
24970
11870
25004
361
21908
19551
32360
1956
13609
31995
8389
9022
1523
15175
10085
549
14653
18991
4925
21166
729
9711
8701
21968
4259
2728
25754
21024
27776
18029
22020
26682
8695
31472
13773
3382
21031
11715
19480
6628
26834
1671
4076
6449
12037
23492
4209
21412
32347
22519
10163
30996
11226
9500
13319
13368
25778
6152
14417
24675
3639
7894
16118
21211
19177
1179
12905
18887
22411
9578
23149
30594
9124
5223
4224
29727
14036
32096
8350
11895
11936
32641
7683
9506
15592
15004
17198
15370
17305
26953
16148
25428
24327
5412
12643
29096
3341
28414
15531
24685
46
21123
1048
19425
1146
5136
6399
7567
26734
10869
10577
13485
7550
18676
7638
29662
10363
6067
18005
25868
2930
25118
23811
9840
9251
22413
31004
15247
24200
16428
15246
17015
5055
20331
26587
29593
17885
25403
28229
22334
28405
16433
31160
20720
2050
29983
2805
18950
24642
30281
9935
5383
19693
31938
14134
18635
16172
19070
9386
15627
2809
30333
24550
22659
19621
26552
8012
14985
31166
32333
29053
10510
4893
23391
19930
27781
32052
106
7737
29912
1176
26860
4972
27662
2934
9915
1265
29216
22057
19244
27197
31360
32701
1872
11364
33
9076
21352
22585
3149
23939
14402
20323
14342
31457
20458
14271
12286
13631
22557
23103
1814
2945
1772
11098
7042
8828
15107
23317
17133
27382
14180
15117
15853
26203
30230
3957
1947
23661
17460
29206
1832
30449
25478
24074
10940
19359
2558
5562
19582
15767
9591
5296
2836
12647
4860
3349
22821
9680
28234
75
6331
17787
1500
18992
19750
15433
15043
25348
19856
21418
13776
7259
16358
23073
13334
26137
1154
1497
14627
21231
5070
31553
19967
17887
2248
9028
3564
18606
29190
19593
30470
14514
7625
1921
25696
18519
30687
12274
27841
12238
28121
383
12504
348
20078
11156
11909
30220
3739
804
938
17675
29953
19854
23019
17893
30676
16647
129
23067
10664
29352
13600
26670
23127
3947
17921
17738
15205
22966
31597
5980
7859
20744
17860
21389
30441
14917
1666
3584
26786
15412
27745
14098
23004
27483
21827
20513
4479
24463
24075
26993
17963
6619
28231
21309
20284
20028
28330
19670
15194
25399
29257
493
5570
22850
18139
14503
11271
18064
5587
21041
14411
18291
28520
839
4674
14953
14330
26896
20285
4269
16668
4858
25877
13226
21213
28262
17398
23255
14382
32559
31200
11653
5432
7076
808
10626
20353
19658
27276
1192
17928
16856
10811
2850
8830
31713
11155
30544
17609
5837
27080
12669
29462
21611
16967
16571
11901
14367
22991
13707
6450
31709
22724
25009
17732
7
18548
24885
12459
25896
32228
15179
22378
29479
4745
5151
30760
25973
17910
1850
8222
17000
223
23753
12190
12644
23703
22144
10047
6631
10571
18307
23002
18308
21175
7267
20309
5482
22041
6788
12012
31082
2733
9820
6896
26833
28543
25414
20278
31403
4574
31856
28945
10088
30817
16126
3039
17539
17113
19869
22075
11025
29806
6453
7906
1334
23611
4323
4089
15289
273
8042
9235
2152
7206
31428
30872
28013
21558
1719
8677
31608
31479
24620
13632
82
4288
1715
16917
7102
3664
5963
3535
9456
17780
12143
28740
21037
5696
14771
4992
13757
32735
21637
28293
5996
27769
2687
7967
12004
24715
22206
10405
31662
2398
19333
24694
9750
17312
1408
31933
26073
5567
4506
7290
9125
8522
8314
16189
20402
11956
21313
10410
4800
3649
13119
22806
14525
28652
23047
32079
29439
32184
11795
17876
18374
11239
953
15672
28781
2624
14446
8508
637
7315
10912
21216
17102
24845
20679
6359
16576
9186
19539
12928
13459
1178
25685
10083
24050
13001
27194
24808
28893
25079
28954
14464
18380
18748
435
19466
24436
31238
17998
30321
14500
16510
12993
24133
29268
7962
32567
16935
8769
1603
19063
9380
21080
20867
20861
23075
19273
32321
15860
28007
14062
25250
6250
217
10429
5931
3370
15010
14750
13469
9745
15123
5335
4090
20452
8915
18852
31673
23778
21234
2705
4816
25766
4610
16426
30699
3060
14546
24
17905
26824
29150
14640
26363
3031
10776
28911
28651
5740
11399
1360
28060
28722
10603
5981
4907
22528
28539
9677
22740
380
24868
13219
17834
25100
18885
4415
5107
17052
12161
3617
22994
28728
11699
13208
15999
2570
15535
15924
4844
12092
30660
8074
14935
20400
7244
28124
18687
13915
61
2648
24486
32398
423
8627
16120
23788
28773
11630
26790
15083
17713
5418
12804
57
622
4951
4500
2551
8251
3405
7566
24199
32465
24603
30378
3784
30081
16416
24280
1979
5572
2631
29372
9395
26016
5663
20109
26596
29399
18369
31793
12797
8950
5514
20921
6548
386
31532
7356
21434
1732
31035
31232
20849
12070
13049
15966
3565
10056
6838
644
16004
26188
24294
946
27438
12287
16431
20660
5032
14587
5536
20191
4618
14027
19636
32667
23452
20648
5407
9716
7083
13323
15789
18229
5029
30704
30227
11700
13087
6273
23878
13983
22446
2747
12534
15340
16650
582
7036
12022
24679
9400
12760
11680
26107
5522
19398
25529
10222
7861
8271
11183
7602
23261
10180
25594
26941
19288
28853
30579
16226
13964
24090
17167
5486
19098
18878
30163
12086
14297
2157
16909
13133
9584
16091
8179
2018
7097
15261
22316
14865
17839
25523
17696
18117
22031
24348
25010
1201
8680
5857
30134
24931
21653
4022
24265
15869
17919
24913
9234
8766
18301
4342
19683
31801
10990
24429
2961
15494
17322
28314
4096
13809
26115
19957
7743
26885
22754
13525
2033
10557
29764
226
31812
26053
1297
14883
29294
14976
21443
22212
6435
17980
1215
5516
28
25784
22332
15728
24015
452
13782
22153
30122
21844
29058
30606
32718
10840
23513
2324
19224
10475
20636
16900
11052
7168
29285
8888
30808
19870
373
175
28775
7820
20388
11574
2839
10498
11576
27159
477
22825
12358
13235
28572
2632
6314
26184
14076
14758
7381
9942
7868
23429
4790
24106
24870
7560
17229
30850
10466
10541
4034
13148
825
28030
22101
11481
10713
18690
20652
3606
32756
11279
17791
10211
6107
4384
22170
22491
27088
31894
11839
29066
3314
29
21981
23011
12512
8781
4374
4132
15060
29815
8182
24878
9388
24358
19409
22279
17204
3315
24615
22607
396
29540
8573
14625
12649
135
28351
5130
24851
666
26499
31566
18599
5399
25528
12450
5065
12204
1111
21406
3802
4185
29698
10316
27115
26994
13652
19006
21255
23205
22683
22084
31937
1519
32048
13280
347
4310
8072
27734
17092
5665
19207
6332
19393
765
2408
23296
20878
13220
21924
12831
11462
20988
24928
23234
23915
15837
3919
8495
2260
4853
2389
29362
32335
3851
12180
14944
29428
3676
17865
267
26597
31971
19191
5115
18121
14495
29499
6657
29683
7582
9116
15393
21065
32519
30225
17835
624
3679
31436
13769
11122
9214
32746
25422
2223
23994
26249
11589
29071
21697
29113
26267
22280
5392
214
26243
7401
11529
12240
31195
11267
28787
10638
32558
26555
2941
15749
5169
3153
24223
3814
30967
9211
6563
20026
32083
14482
1050
25443
13755
925
27288
24591
7122
19901
28995
9983
25378
4763
10866
1698
26677
11386
4427
26274
17840
20547
710
9926
20852
14175
19548
3670
25920
286
4341
21315
6232
29300
20153
20960
21870
25252
7537
26164
3004
11403
2585
27646
21133
10673
26795
13992
30201
9694
3451
32631
8689
23140
12946
7377
9072
12170
467
9846
2569
22013
24809
23148
21779
9205
12473
19438
6161
5974
10568
3473
22671
26197
21666
11943
15209
4334
3929
4414
12053
15738
12210
1193
24909
14395
26218
16348
19949
1138
11285
22406
12028
14147
25673
22645
21338
6793
751
6645
23824
18132
29816
23850
7511
11776
9726
30789
6805
20474
16322
28777
26544
20620
14717
8612
1317
4417
27707
23680
6482
1482
17515
28098
26745
10193
2690
2008
24494
5224
7528
19135
13336
15427
25692
148
26102
18900
21074
1332
6797
522
19709
18976
11787
23368
32130
24617
14129
25695
26884
24288
27473
14206
31194
6201
18767
21004
25550
13498
31477
1578
31198
3261
31279
9496
7942
2430
24061
29317
9673
17967
6889
5841
21271
17432
8054
16868
8743
1098
25560
30546
11880
8080
15201
9897
13109
18723
20366
29221
31380
4379
27415
14565
29471
26470
15630
18971
21999
14454
9757
31909
26441
20130
32087
12062
25753
30020
22466
11813
22214
21574
19631
66
14423
3732
21825
125
30359
10928
11486
10285
11011
7354
20481
921
1601
9023
17463
28755
22704
17939
8322
31210
24666
14060
21638
8858
29785
9352
14063
22717
5385
17990
3674
31981
21329
17929
5499
6380
24522
132
30111
24475
5004
1811
5114
22969
12005
10693
10934
23350
5524
4912
32730
28668
3811
14703
28879
10424
8582
28205
30479
8158
1426
15708
6134
7933
14285
6226
6545
10311
17546
332
25018
7361
29847
18378
19889
18746
3406
31876
5437
9933
27927
4719
11157
15621
5909
25861
23010
15901
1324
14069
9551
5226
15364
11180
4896
449
1807
13339
28551
8789
17351
6285
5037
4762
25829
13532
22344
28171
4316
26849
18184
25793
17958
5187
30873
31100
3892
5512
17236
11141
7309
7037
19627
1702
17108
32361
8310
2960
26675
2590
6084
26549
3130
30038
20186
20797
15533
32733
23453
31471
26259
16553
26951
4278
32676
25530
31665
16465
15381
854
24338
15772
11862
25312
3417
32539
5505
7640
23864
27309
24146
2786
23959
30162
16367
14401
5293
11667
25626
3558
2627
30639
3211
8079
15421
2295
22009
27444
32340
13245
297
7940
18151
13213
20038
11368
27020
6323
19639
26300
21079
20227
15156
245
8315
17393
28078
150
11371
28377
25963
15552
15546
5720
32196
19144
24966
21863
8987
12965
32309
21501
15927
20373
5644
5817
19790
10097
13537
6415
24190
16634
24367
30727
16559
15972
17988
20151
3142
5391
18922
28102
12571
11104
21639
8696
31243
7246
10477
16390
20071
14579
21738
9357
29588
10486
20359
1635
19825
17817
4916
26523
32221
28326
17425
12588
26185
2928
9422
10064
5553
6034
20777
11421
14226
13407
19349
20010
29289
24108
29553
25845
7731
17422
11268
4206
2183
8142
11238
31042
1882
27676
26571
247
24842
30542
7996
7525
22287
22928
4548
9642
3366
20933
22215
10359
18102
27540
19640
8227
32595
12234
21413
31784
628
12807
29209
13123
16653
26784
20475
32292
22967
15483
4102
15736
17039
27180
12875
8548
8296
11518
22529
6191
8467
4699
14145
7457
18911
23623
8544
7585
13691
9684
13833
24816
486
22567
2699
22289
30318
21148
16774
24727
9621
16756
23652
25578
32287
571
1953
19810
4941
6503
18442
13803
10682
25054
30371
17694
1357
875
470
10824
23192
13281
18130
21408
15578
15176
17799
30853
27962
25567
10136
934
30349
13291
24251
4739
11843
17021
12775
8324
13312
21546
12718
27241
21150
1122
32219
17314
4945
23507
28847
12513
31814
6312
11522
28856
10767
20230
27706
29020
2251
20303
13772
5058
5639
20439
20295
29474
6870
23030
14833
3592
11046
16165
24790
6626
2368
18247
25719
31985
12985
3259
14232
2125
28074
19417
30315
17389
27681
2819
30260
13203
30945
31638
26212
15233
13455
16792
16644
24949
18349
30767
20766
25002
29850
20896
13745
24604
30950
9751
14919
17647
12040
27183
446
13711
3977
19210
23736
11634
3307
8489
32122
19850
19071
23605
6043
13454
20918
31389
16040
20700
15604
32642
30920
29419
23173
2040
22106
1767
7976
28937
18756
11456
5361
7568
25720
18611
1396
11063
23349
20656
23222
26085
6828
4611
7417
27522
31552
31118
8295
1986
28363
2533
17597
32246
27389
21672
15501
7701
12891
31055
18338
12350
970
16372
28077
1687
28615
14293
24576
31524
16062
17704
11736
3795
5671
12983
27333
24624
23861
10909
589
5816
23101
731
659
23356
15296
10147
28642
16093
31248
21701
29481
18384
9992
10730
13617
17433
11081
32090
25179
31414
14670
25310
8446
17842
18323
17571
6711
15406
21277
22323
24447
19659
3346
11099
13029
5025
24440
725
13824
24719
13714
12328
24204
3911
32004
23281
23637
10651
20161
32428
26208
15725
29867
13397
32297
11372
31000
6726
23518
23330
19710
6614
1017
32213
328
7603
5194
27608
27319
3326
18808
24140
1339
12460
31692
31491
11236
21274
16274
23087
25092
26476
17803
27166
12356
15155
6851
10719
4927
16207
16570
5313
3620
2451
21239
27171
1284
2582
350
31325
12598
15313
22181
1062
19325
6463
27952
24438
23278
3214
1285
27493
22155
22593
14169
7741
1337
11336
1726
3576
7263
18227
6097
2789
12738
6522
15028
19608
22981
15684
31466
7313
24439
2459
28239
24678
6167
7756
26380
20906
24602
2458
15973
6352
31048
27102
19007
32363
27622
2005
12307
22014
23313
19445
15161
27762
19682
13425
17188
13969
24105
8617
28139
7331
16885
1341
21240
26692
14513
28998
25879
31281
8022
29069
20703
25725
23891
17508
14980
25790
8792
17490
5953
18571
15449
28389
1848
13367
7211
23037
23786
1302
27582
5892
23027
14856
2417
19554
30165
10428
2205
18849
542
1177
21527
30774
8995
17567
2906
19403
31976
31368
24082
30477
32301
27325
5787
6407
2267
13765
3941
5216
7862
8206
21714
10353
7802
29560
10100
599
21907
22558
28086
9938
23562
9189
4350
7668
6815
29386
2001
24034
7845
11227
29580
19641
22381
21730
10769
7106
22307
3173
14521
21116
1343
27861
21387
15930
24792
24672
154
12016
30272
1372
25311
32546
11931
27663
8609
2864
29685
18620
18798
25702
30728
22699
23016
23687
13168
4318
32523
6304
11332
562
31433
22288
27098
29577
16157
31396
26733
4487
25156
20175
27604
22602
23743
22568
3251
5157
15800
6289
9401
9995
25772
30503
27400
29459
21942
29461
15773
28593
10720
5468
28452
2711
2243
19316
30585
20332
3289
18874
22649
1487
27442
31582
990
27813
10567
23001
16783
21322
2625
2166
12587
7226
12675
16383
11190
18515
19258
15735
2307
3469
32310
5629
17722
11128
17728
32248
7486
13163
4554
27545
6181
14842
25601
23540
32199
27659
9783
10565
29610
7100
10470
14588
4211
25467
27225
26940
19149
10203
1560
22076
4936
12363
17638
31816
28052
11308
31848
6491
6530
24517
23679
30836
27339
24165
21361
8652
29121
12212
4353
20544
26033
14356
13643
4151
11382
13013
31411
21198
29407
22728
23538
17354
7180
10264
26647
18280
1421
14512
16163
21900
18220
19975
8381
19278
1898
30097
17430
22774
14258
22610
14729
31022
2002
10191
6985
4751
6396
2135
3293
13785
28999
16986
26009
22927
13963
15962
18048
18543
30529
11102
27367
10414
2752
9444
18167
24902
4734
32561
22243
4906
12348
16972
19572
23473
2997
28401
28362
19363
8531
24682
9898
23165
12308
22502
31771
9765
11604
28481
24658
2583
13180
14661
24173
29759
28427
10207
21064
1752
15408
30320
15011
19267
31619
5462
5789
10268
19824
9606
4665
1661
2876
5488
24162
24270
10494
27184
17153
3865
6144
4306
2376
24068
32541
30006
19330
25870
13970
24832
1729
28089
8619
19271
22550
1686
29599
7985
13951
4428
26251
19992
3244
1579
7148
9528
28978
21572
3536
32312
14968
28226
2815
26959
16361
28046
22383
4349
13170
32207
24472
16124
29548
13881
17611
28342
31944
13595
16180
4475
7254
16072
21420
718
12433
18677
26018
30488
10235
23365
11587
12048
28492
15167
275
29993
14313
20999
32007
20494
10387
424
7561
23858
17555
14068
12981
4195
26599
29828
5324
17220
7758
1364
17904
24993
16751
2649
18934
23630
2571
27628
14998
16640
27802
2478
5085
6143
16807
17074
15713
29178
5168
7047
22547
10399
25308
4991
15843
13110
31080
9633
2680
1735
20404
23266
12688
24828
28766
31541
9100
32501
12904
14324
18595
6819
15998
23259
24035
21928
14742
4623
28928
23908
14581
6596
23510
13418
8163
27835
16007
7190
216
16256
16417
10766
26502
32150
22457
9953
4305
30022
13640
29157
6328
23586
9308
9329
23396
15987
10734
14782
31778
25415
31190
23719
12436
8715
8360
27095
18328
15087
13914
27397
25610
18295
2821
28540
24587
26048
2228
24353
20731
12701
6200
25117
24311
16685
5420
11887
11105
4647
13306
10941
7726
31592
22827
28891
29626
8831
5500
25684
24189
25640
23711
18318
12211
9641
6270
22605
15093
31070
6696
8642
5165
2257
14435
636
15264
15721
30200
24800
29092
29809
11467
16860
11125
24520
30118
12986
543
7460
4779
10656
22385
10518
28734
9430
3614
17495
1258
1743
16080
18171
25
9892
21391
16401
22356
5575
21617
31335
18019
25416
28811
4938
15263
17218
14608
9737
23237
18070
6831
13792
6073
4854
12836
14067
5833
25166
15384
2407
5203
29472
19424
22338
3568
18153
8193
12944
25076
28471
11493
7543
8250
16103
30480
30199
7924
24690
25715
19543
14713
14321
18775
16339
19954
5790
23892
30809
12627
8426
21409
1948
19306
17909
8005
30946
19519
337
12882
177
21279
31308
26391
10288
7034
23220
11490
10562
27889
22959
27866
14773
27974
21610
9977
17692
20163
30795
28586
31322
10780
26829
22548
11318
25162
457
28952
19990
20421
14738
27669
13630
17775
22798
26601
6753
30680
8492
5131
29131
16107
29008
3764
8721
12068
18524
13624
16763
29253
12989
25140
7616
32668
15910
14861
19674
19489
18565
12968
26025
28991
11815
9844
6
11727
6913
15382
10472
7502
18385
20468
31208
32380
1393
22407
20414
7410
17359
4849
6895
16475
20598
6912
30049
12011
1330
20666
21060
22626
22619
22638
9883
2718
4516
4733
22145
17548
22357
10529
11933
5824
32236
19759
21179
7329
9130
31456
1415
28645
25652
1750
22985
12061
22603
22881
28518
23953
27607
13747
11525
25328
5215
23323
20641
23069
26626
25931
3281
458
16801
9107
7895
13710
1970
30011
18038
8013
3951
1293
27934
32606
11602
12962
31512
4485
27656
23681
1169
10068
27243
19937
14250
16044
29606
4813
10061
20786
13668
14716
27348
18141
27843
4064
3909
13694
28144
6737
8131
28255
23239
11202
7033
30733
12899
25500
24513
21901
11622
25015
16520
7526
10013
11854
27731
17089
20747
18997
14973
4366
26981
726
28883
20502
2109
26914
10263
26856
6798
13127
10158
6512
13361
27156
1619
27338
12173
25494
1529
27693
2392
548
18316
14664
32578
29015
30326
7271
26897
25939
18643
7035
23931
14236
7889
9545
1810
343
3305
28198
30319
5955
8842
26248
20621
32138
13330
9340
24963
10344
19415
15367
7553
6901
1102
14933
7501
451
11908
7888
27482
8199
31866
20904
13514
30957
29967
11170
4287
25788
28101
1378
32104
9662
23504
19808
22205
28333
8796
10327
4601
9665
3253
9530
27885
5161
6370
20568
6300
15375
15536
285
8248
6031
1024
2762
3347
9839
27
16246
1375
11360
7348
22349
13145
10791
110
6887
14547
7559
2066
11971
15680
5713
24511
22229
5866
8537
520
26457
12932
19405
24435
32376
26180
15874
16738
9838
12110
8734
27939
11083
15753
12472
2304
27533
24757
12311
1933
24829
6096
12175
4165
21727
24257
14804
2644
17715
19300
10179
17672
13604
25937
8110
1525
11158
10844
5078
10731
22392
7470
14407
20821
9948
15164
9049
2744
8122
30262
450
12881
11448
18075
22228
15926
28095
23202
7439
31867
21510
4855
3345
1222
8006
19496
17953
4267
23556
12525
22670
29153
13085
2074
27523
18919
9392
13464
21293
6953
917
25436
11049
6690
737
21
15678
27796
11392
5645
19422
24387
9949
2670
14841
15897
15071
14418
17076
22477
28987
3538
31849
163
31603
15870
12825
31112
8135
8473
544
18656
10295
29430
19179
15265
29649
21482
22098
7096
26256
18279
12870
7977
3723
4503
29097
9686
20583
30593
32234
21798
29687
30858
14578
9383
10042
32433
32742
25713
7061
8667
32157
21749
30242
15374
16034
25155
16624
6593
31743
31621
25830
14245
9672
28221
10398
12792
20586
24299
40
24153
19600
16489
19966
4117
21874
11354
23707
7166
3585
2793
19818
21291
19091
32341
32494
15912
13475
3109
31
8664
19584
3519
25209
12742
31261
13670
1367
25368
27923
14536
205
17979
7631
16975
32518
16272
25716
16773
17140
22179
10593
29576
19047
23421
8302
14279
26333
14537
25258
16919
3695
20556
5229
2974
29507
27263
12938
27623
67
26717
9758
17875
31550
26415
15210
19849
18257
25850
12764
16511
32749
30821
13615
26309
1184
10587
31874
13451
25918
6804
26636
2515
2580
10168
5040
14453
22128
25344
20473
23086
20780
12109
20671
22104
26563
8460
27742
29938
25928
4491
27837
26956
27322
29781
21299
28644
107
3624
2495
5703
11570
19386
18831
6114
31890
22571
30531
7299
7549
19236
25847
21536
8234
5474
25999
11461
17340
10121
19580
28361
12769
583
32695
31506
25486
32378
31907
15070
17293
6447
9472
18351
17083
476
31131
11643
20605
12788
567
27570
7717
16605
17465
31785
15882
13157
17878
6760
14764
2530
2476
26100
11093
14340
10412
24464
2697
22520
24746
8692
4684
9550
30037
30947
24827
31929
699
15095
21383
18652
10711
8171
7913
25763
14868
28831
23546
16496
32189
21973
8159
5254
620
9574
22420
22494
24651
3242
24901
5208
4586
23884
18379
5926
17529
29314
9488
23208
11599
18216
19978
31643
17471
15923
6140
19615
10614
10872
29056
19339
12914
12002
21596
1424
13419
23254
29723
28983
26873
15844
24040
29666
31019
6809
31381
16971
10855
8965
19517
11992
14192
19229
10081
25612
2714
19106
13849
17478
27504
30732
24137
9643
25666
8276
793
15428
26034
15318
17849
16269
20083
32002
15579
14381
4895
30984
24704
16675
541
28822
28203
10278
3152
7383
12421
11164
13543
23769
25445
32178
48
13092
4863
10749
4934
11724
22954
3980
9629
18738
17754
3609
19248
27816
114
24368
10863
27975
13866
13078
8071
5197
21359
7116
21090
26776
21162
7003
7160
17796
8788
4146
4447
19797
10233
24122
25072
9057
7926
17347
9317
7706
31127
18835
28864
19391
9722
8139
24417
11516
26826
22647
6710
29112
20582
16113
19871
15539
8472
20193
17933
508
21962
17131
10106
32346
2155
10070
12635
4692
21541
14802
27948
16837
1025
23371
20622
733
20625
6196
13130
2237
30807
14710
31453
15094
29438
25799
30360
6230
23516
32259
17308
10402
13519
31255
23413
27114
13142
17095
13383
7557
19375
8200
23980
1461
5102
9486
12318
30417
32245
6868
28236
2403
32209
23077
22257
22747
3388
4807
7174
15099
2190
19612
20201
31451
28688
21937
4163
20530
28763
11134
16703
17420
4909
2036
22504
24962
1504
26668
9207
17785
16588
29751
23471
23299
2337
2232
422
3844
15594
5711
26134
27580
28334
20891
22333
31317
30645
1437
17643
16205
19112
15659
9878
1255
9998
6311
11684
4325
24422
31111
1859
19657
4180
21777
4551
20632
6791
28762
8083
26744
28976
30725
9803
3043
5539
3312
16296
1142
2263
6055
30681
773
31547
30490
15727
14788
3984
12375
30717
1822
19188
608
24683
25576
27185
19771
19767
29525
24995
6274
3922
13164
2379
12516
10515
12869
13111
9123
27539
8890
11447
32081
22907
3496
20587
29350
23772
20576
31291
31790
16974
14971
4820
11588
370
14765
20035
26324
16490
29496
28282
19739
13356
10790
3766
23025
28350
716
15252
23694
20688
23668
8490
22702
4225
28738
15327
20604
1917
3200
18917
26189
2000
11027
2170
20442
20782
18356
62
24488
9588
5802
24941
5856
24519
11199
17701
3882
2245
4965
24171
15434
12696
17777
27881
22767
23079
5911
10089
8985
31821
9222
28658
11922
25317
32012
8816
18769
21284
27471
1803
2098
32233
18081
212
28821
29647
17216
27154
7237
4806
1194
31177
11826
18104
1628
10292
11001
503
16155
5538
3072
13059
2012
29451
28717
10794
6340
403
27198
3672
11849
11252
16876
28201
12507
16509
3100
29855
7499
12494
13801
19846
11411
23865
24319
32444
29476
3273
764
6537
3570
27019
19571
27335
20505
5049
30610
31454
12734
29073
27633
3493
2071
23760
9562
20542
20706
1999
32337
25339
2972
22719
18602
28180
17581
9601
25516
5465
28979
32692
15166
30310
27025
21075
30813
22814
9094
28133
3531
28021
15568
1065
24478
10080
11652
10228
4433
25992
653
32156
24356
13591
9351
27588
13310
29674
22080
27635
5080
6573
2475
28759
1238
32136
18847
5795
8388
3013
28016
6542
18082
9067
11179
22476
25482
1433
31737
30810
20426
29155
9522
12606
11040
11264
5614
12846
31030
9259
10712
27160
21038
4530
5939
31416
31861
17300
30159
4955
15074
20738
12682
11016
21415
5325
19462
13724
31455
21731
23831
12708
6408
5556
4088
19431
27509
10827
32496
12755
11850
14928
613
16053
13581
28498
20705
16720
12798
8798
13194
30368
29393
31837
27921
1249
31724
691
23272
29956
12033
9274
26869
547
21245
31119
2561
9590
27260
21758
28750
11401
32661
1594
22345
21155
24760
31800
24908
26020
14523
5580
29235
19597
16791
30547
1257
12893
21722
22227
27566
19896
31418
23062
21588
24759
13321
23992
15937
26481
9271
11350
657
11759
11261
24958
21812
24155
7521
27563
20391
15053
7594
20455
24073
9314
27997
16
9413
1744
1932
19120
13260
20034
14108
5146
29166
6246
15915
7596
24777
12564
10690
10383
16694
29024
20915
26158
8197
25296
3372
16696
18235
10865
7983
30867
17627
6857
14796
5752
24536
27715
32046
30864
11084
23245
6122
21970
7655
19893
5002
21858
19092
2982
15143
16619
18754
8581
21067
20419
2739
28898
25006
8331
5367
17060
7637
16344
7280
18176
1636
388
6579
23565
10813
19167
5374
17260
592
17656
26128
8758
3931
10857
30811
12888
8877
3449
9519
25866
13347
809
1359
11290
28109
387
13978
9171
23459
11196
3801
19264
12721
7015
19500
12819
16418
21851
24169
22241
4796
32094
16396
16633
999
8795
23269
15945
22953
17075
17826
14025
14040
29364
4283
20835
27966
26720
32396
23820
27418
32760
7654
2814
5888
28176
20925
28023
11144
11387
29702
14264
14508
2988
1004
23822
9281
16453
972
9773
21583
2034
30921
23316
13044
28876
14445
9743
22085
15871
4877
11009
13071
16264
30222
26586
6326
18776
20047
1203
2784
29770
22664
3665
1660
26132
10265
10333
10322
31478
22715
24179
10596
30343
27811
23006
24622
28141
24503
32393
10044
29292
31611
5608
24107
24580
21764
30426
32058
3753
28982
21028
15928
6238
11165
12889
30800
18490
21982
22102
603
14136
15031
21879
13434
9037
16890
14050
937
4736
4113
10523
3396
31468
25506
5117
30576
4095
13256
1470
6938
23799
3477
4114
13885
30716
12703
686
28425
1700
14345
11774
30382
29223
7719
6694
13585
27391
21616
11357
31645
32453
27933
23430
31095
14155
28578
5421
14183
3255
9394
10814
20176
1623
20876
30018
20755
13257
9483
24775
11243
24714
19147
9233
4761
26694
26484
4518
22325
31887
14811
8455
2096
15142
16203
23558
29765
20635
22079
31028
25011
6045
27233
16658
24938
4649
2584
1131
16778
21743
29924
28719
18873
2788
294
12395
6015
358
6348
18113
6747
27964
6865
11513
13187
20345
29564
7220
26366
15760
16594
20938
15550
15165
22186
11091
9886
4504
353
11656
8292
22514
14975
13982
24482
4724
20870
9715
32395
31221
2532
21778
3167
11304
9237
24028
31543
2396
22714
22220
21040
21220
25014
31689
32372
14948
17448
18546
32042
3728
12209
23265
14846
27353
27047
27930
32662
17328
15206
8704
14721
27639
13753
23857
4983
1189
24974
14154
1800
24673
1453
30988
27738
25771
24872
30153
12929
10371
26961
3161
20073
7275
28303
28465
9192
8353
13783
16504
2026
23794
14843
21502
10694
3017
7431
13960
30077
29497
20733
19320
5914
11650
673
28271
14173
15817
7694
30399
7776
21524
17895
26855
31079
23328
21177
5036
3116
4959
5101
11065
20025
19370
31936
5691
20791
8710
18732
31745
25122
31791
16541
31413
5204
30063
22591
30078
25614
791
2776
618
12674
15880
25634
16286
7402
14519
21842
21248
20699
4556
5867
27039
15833
2028
19647
16048
9434
24743
13198
25041
9071
952
9729
25677
30104
15968
24220
6569
3722
4956
6252
21115
10508
14459
4012
11034
29637
11489
11557
8382
31779
31978
11414
13447
21327
15848
24450
8263
24619
3369
639
20814
20149
6366
6630
579
14784
4311
28681
17602
29602
11317
27193
17402
480
12823
1861
20074
14428
5954
26698
16323
23653
10650
13255
1477
17392
2141
14323
20627
27902
27486
7346
26148
19481
25284
25980
32504
4219
7708
16716
2447
18054
29487
4798
21109
12168
15089
20853
19677
21303
21159
15086
17934
18137
3884
26654
17079
12203
15174
13307
2674
16073
8402
19660
21934
25241
1951
26386
17334
11891
13199
18838
11008
5526
12902
24605
21880
29378
27668
32417
4067
22006
11221
3221
17532
8050
26632
9760
25254
2708
9979
32478
1977
7006
930
23395
23343
22285
6850
14734
25454
9947
11145
7833
8405
12140
21285
11068
15446
13036
10115
629
8706
31379
5503
1893
21852
24906
32586
14207
9337
26688
3952
13907
27032
28162
31276
15050
18665
14116
5116
4395
3179
26910
3390
2017
30549
16508
8355
22532
29745
13746
30304
18886
14166
29976
8014
1290
9894
14558
18469
5807
7586
19131
6578
14727
4474
5231
26757
16026
30012
26718
27042
2677
32712
12326
13508
11963
23188
21101
17566
23616
18709
21433
22725
9808
9532
18841
10093
29491
8304
32485
21840
27812
14390
18570
16191
15200
7749
27191
7952
14677
11581
19338
635
8759
4970
7210
20781
29769
26226
10339
23118
30102
14926
27695
9283
1291
16915
6411
32451
25384
17727
5199
12840
24527
32260
6776
7831
19544
5915
4066
14259
16413
2422
10166
32105
9032
27441
20640
12562
30790
12305
12716
6236
27720
21552
11106
32653
30245
13084
22627
14217
25851
30737
1762
1137
15145
30415
26397
31423
13827
20972
32646
24634
17175
19689
4536
23663
4591
18541
9305
1563
3134
29587
3431
17348
6679
26290
4042
24854
7162
1458
23279
2700
17989
1993
25647
21553
25577
21089
26373
1141
20953
7012
15712
29480
22931
14211
3271
1347
15961
11964
22791
16090
26749
11865
9301
2867
18003
25138
18023
6176
32270
28936
26214
20776
18663
13717
3754
21107
19617
1034
29022
31991
20119
15355
19198
10875
7903
453
18428
14880
27817
13786
16879
25187
4172
7608
14735
29397
24650
4388
27386
31560
23267
3647
13957
32408
28421
8843
5424
9524
7039
16115
14592
14414
18337
27496
5191
31904
11004
16250
4714
4614
24298
2698
15632
25855
2578
11796
24255
545
23833
30848
1936
4805
27122
11005
29632
3736
6946
6224
17109
6213
19635
31749
851
14468
7338
15804
13360
3953
22169
20297
8386
27855
6848
31314
9200
25116
23978
20470
32299
9027
22795
10970
25213
4621
12320
28739
30001
27550
20053
13546
14762
8312
16239
11115
8217
5904
2652
25603
9943
3408
29125
11814
20653
23397
17451
23362
17415
606
14288
1600
32471
15515
23380
12134
7645
24352
5019
9515
14990
5299
9845
15405
17540
23640
11682
9346
10495
21369
16012
698
19312
26167
26878
21256
26207
22438
25383
13061
18183
29039
7626
7893
19585
28250
23853
23782
31001
10828
19342
31402
8671
11639
18124
11716
31615
6178
30766
9604
2832
4284
27229
20868
12702
14491
25517
19630
30877
7258
18710
20358
30376
4811
10759
13612
21370
14163
25615
30461
28799
20646
20914
8722
14334
2518
22327
29891
1223
8778
344
4966
2330
4252
24831
13566
11973
16290
25216
10816
25096
7283
21919
1366
14433
17222
11930
29635
4543
21253
5321
31530
17857
9513
11143
7416
30244
20389
27850
30076
9416
14143
14997
21868
14818
15017
1739
4832
6648
19065
17177
22523
1444
7987
6662
4514
32351
27401
14550
6539
25247
29093
14924
31140
15690
11708
4230
6871
31083
24166
14212
13794
27431
26516
22386
2119
17594
2480
16031
623
20067
23777
17470
10125
30055
24874
26821
14756
6908
18013
2266
21170
29236
23211
1252
2419
4340
9230
28512
16434
17474
26305
10479
11897
23270
28818
32715
15540
31770
20690
18016
26055
4700
8078
25786
32203
598
28119
11353
30692
27033
25974
4466
17809
2905
26679
21167
2319
20811
9780
12246
24592
5292
13288
870
14106
20574
4888
13118
14362
7382
10351
26713
2290
27109
21451
30797
15993
3359
19743
3923
18174
10533
23224
18488
28237
23091
8068
27596
2054
5838
29788
17582
28115
12867
23592
27045
16140
30129
13335
6634
19237
15532
3708
23411
15478
27146
21927
7680
14182
12465
12019
15902
24260
12196
29370
27879
24419
14887
9479
4667
22856
28393
4580
21094
18905
22665
27956
6302
6391
7395
5742
27856
10463
25653
20289
25108
21022
17703
1922
465
4175
5125
19444
26043
14449
30837
17365
4493
5707
31805
23999
27946
9047
26077
20702
29859
8961
9759
26027
13124
2191
5443
28929
16067
15569
3224
13308
24631
15039
26383
11864
6036
26540
25333
14117
17027
11024
16805
16123
172
27675
5458
12906
30573
10427
20897
5554
293
14853
12297
29600
29146
490
4836
9465
15586
3191
4044
25758
18294
2953
27467
5680
13
24660
7362
26742
21455
23257
30608
7786
10607
14262
28347
24502
14179
29032
19208
4668
29334
22895
10536
32217
4998
28087
15353
9131
27257
30556
12745
28649
25832
14709
20260
25177
14138
1592
12458
18094
25080
16220
2103
26262
23187
24530
10230
20672
32525
32005
14263
18681
29406
8465
11367
29336
2094
1846
27061
9960
23339
25048
30471
20674
4982
11627
10677
3716
32585
4313
9216
12502
7656
21355
6854
874
12
6008
6513
12952
28360
5667
10545
10774
5295
17421
26456
4364
12208
21989
9740
16560
27038
11533
31557
6879
31323
17082
32281
19350
165
11396
9381
17431
22818
14355
2400
31997
28045
1454
6173
2615
9133
10978
8121
13835
15798
21362
24355
26430
19964
16722
19261
30914
23903
3132
18901
20956
6068
13608
7359
20820
14780
4944
4564
1491
317
11417
14803
16009
12604
6485
28142
32728
15617
1869
30793
14748
10117
21235
31037
13258
9705
9077
9398
8348
23372
11241
713
4240
29895
4253
23725
19623
28387
5927
32102
13544
24415
6958
32691
4043
3631
18621
16523
17612
32128
25770
32099
1593
4572
27949
25777
1029
7958
13842
2923
17741
23483
30598
31066
29822
23732
14112
14309
14149
7101
3800
5354
2802
18965
12584
31502
22360
3468
16968
17761
30706
6393
11677
4007
15981
6126
15273
5631
17847
27223
10197
8089
24639
5349
16811
9770
5108
2472
17519
32345
9139
22471
10075
11269
11035
26361
13015
9177
6778
22620
15008
13661
11802
25857
9984
17974
4962
20678
4629
3809
11457
32457
24628
28093
15883
4369
10345
28189
25898
7810
9464
10096
983
10078
20274
3817
30422
21744
17213
8338
29437
4850
26017
29679
22512
4542
16154
31185
677
7406
3410
24116
20088
13143
22859
18238
24195
8930
19020
22475
23083
13859
29565
10283
11369
4615
894
29423
23847
30931
12883
19140
7252
20217
8093
15705
21994
25432
28335
9176
10762
13053
26619
28980
6210
11113
21740
30469
7584
2720
3219
6534
22562
26061
22693
22037
22733
22982
12621
22609
31762
18324
25465
12971
14518
2848
11824
9531
161
25956
23023
6587
6920
7238
18108
29444
21485
10319
4652
12835
12378
3440
6863
29677
9888
26754
17462
6170
6557
2415
28388
12315
15299
7747
13579
9450
5545
15000
10242
15098
18393
27494
20011
3070
17542
4599
16334
9063
5622
3681
3936
23776
10745
32336
1920
12419
11492
26864
10015
9438
1362
19154
5260
18099
17160
26418
9373
17518
26328
25055
25977
20206
24965
28164
32322
21365
16032
16761
19717
24865
9572
5508
21689
4746
19485
17521
17868
5606
30912
31391
27161
12052
4300
26866
31781
10915
14157
29984
10846
3790
12231
5511
12813
26387
3199
12192
6910
17516
2696
28277
1637
14351
17100
28662
17709
19040
30025
29376
7342
21401
15801
10873
18114
32493
25783
16210
2185
1417
29010
20242
27576
29283
1854
26782
16674
16042
6164
23728
28417
19563
18001
16533
11415
18521
17256
5190
22139
27145
20156
12567
16252
2643
15362
188
5022
14662
20291
5715
11485
24559
29473
7686
24224
26438
3526
16846
18042
14586
289
10785
21987
11725
27175
6431
10601
24979
17559
13708
21201
11735
28823
24528
27803
26318
17932
23199
25406
10393
19379
30854
10665
31599
16959
9285
28486
16279
7141
1013
17278
19971
14816
2645
11214
31730
1028
10539
22566
15297
16881
9227
28295
27969
26772
2218
20555
12578
32177
23425
12021
13009
9548
1134
5355
19795
22372
6673
3920
12461
7471
6932
4057
12352
2774
1369
21300
13737
20787
16781
9320
17688
10595
20966
13569
8756
1760
30384
18224
6299
20182
6505
17426
3694
6049
20030
9623
7424
20152
23929
26943
21463
25633
20752
16622
22432
23731
11253
31370
27732
5360
11077
13478
9661
11334
28313
12913
27057
17536
26283
11877
12608
15606
15952
8237
29530
160
10617
15268
20382
21104
19051
29265
21495
1349
10077
127
9377
3845
17721
18370
14054
20486
9644
9499
13863
12141
18720
4703
23482
19736
15350
13950
12955
30386
15090
9546
4018
19387
16698
26630
4020
19080
30554
26083
21331
27530
10530
29554
23042
8032
28438
10139
24778
25838
14472
12248
17781
21494
13218
13125
1358
27405
26623
3257
11969
2418
30472
30073
31026
5533
4568
9657
5268
19897
31810
16604
21450
17254
3174
1513
193
17315
2782
12616
3110
1030
4127
22925
13014
7248
14053
14316
3824
17157
6942
32507
6820
1677
1509
16710
26125
28875
10896
32063
5234
12622
4411
16266
27600
32535
30253
24391
16740
24051
5994
16175
4757
5031
14885
29551
26839
5828
25257
20160
17726
9390
21966
7201
32624
19664
23457
3483
7056
15513
11858
4675
32765
24804
10750
30711
7441
31145
19669
8588
6336
13780
30067
21824
7838
5184
1748
15600
25700
21741
8482
18859
6019
17959
23495
9224
17243
23249
5728
26857
218
32600
20865
18441
28376
3553
17562
14778
4035
7795
22657
23528
6687
9617
19294
5796
29286
6638
25491
16922
20341
10205
11159
13935
15339
7019
22721
12601
28286
32356
27097
12887
15828
29835
22368
17199
15823
5615
1251
14775
25089
10773
2797
31196
31959
20005
13840
4677
26666
5257
30638
21991
2933
6111
9478
27209
16643
8641
18811
19649
9185
27245
11424
20894
17003
2366
26234
11303
4567
16152
11540
1276
5985
181
16317
5394
1791
6996
3623
12317
4026
28958
25639
19158
23387
8894
8725
30277
11664
7351
11434
26144
5150
28932
22779
15144
20975
9829
11750
1585
31625
19011
10138
3275
19691
28554
2657
30291
31670
4399
14912
1110
26281
1412
24681
30439
16097
25949
13476
26284
25272
1606
32091
20742
15228
28484
20338
31859
23367
15865
19344
29201
11800
11968
27005
9342
2955
14915
14937
31154
17024
16159
19948
7175
28851
17159
25355
18782
4320
29018
28032
6441
26434
24407
13931
30040
12339
8797
32192
13847
12167
28832
12527
4100
28001
16733
14065
26340
7729
28835
20629
6306
27977
29296
1399
18511
20655
14903
6421
6949
3503
3311
26480
4193
22453
26469
6955
18994
28886
11857
30637
29543
15958
24853
20677
2499
16316
31014
28268
14499
11923
25078
4002
17569
1733
21805
30889
29302
16459
29873
24322
13545
4186
23880
22797
18969
25380
21034
28805
20224
23771
