999
238
253
163
706
299
187
277
10
529
515
40
51
741
662
91
349
375
902
888
852
385
787
129
709
499
125
432
329
234
97
88
54
355
806
788
630
388
302
188
767
702
259
634
397
73
258
68
167
538
69
772
736
716
715
581
486
402
164
140
154
206
607
917
871
797
784
747
738
617
670
591
37
60
271
628
198
195
914
969
341
83
968
335
938
855
840
190
921
892
360
890
156
117
343
794
23
417
382
223
858
456
819
424
748
674
668
667
658
541
463
461
130
365
615
650
405
80
1
735
493
159
503
834
664
488
142
263
625
496
452
204
229
231
339
468
377
775
636
549
447
506
269
101
571
11
584
495
465
401
446
119
732
85
960
586
951
657
939
952
943
940
711
158
652
186
713
699
150
284
599
936
848
909
301
922
381
320
898
896
814
458
390
887
876
82
792
556
267
294
232
93
873
868
811
494
682
637
608
359
539
240
572
445
595
433
94
305
777
165
288
509
471
225
683
337
249
746
692
839
783
580
137
631
817
559
84
809
799
149
785
292
712
646
504
419
690
502
442
328
440
285
347
677
624
592
544
361
348
45
20
585
420
105
28
434
950
849
610
121
769
501
542
30
103
935
826
906
147
693
836
805
102
276
778
643
593
237
256
106
185
755
406
244
726
212
265
228
218
63
252
42
999
973
957
107
955
931
725
648
629
356
609
279
114
574
157
29
67
248
500
369
116
112
367
926
866
863
828
680
352
251
535
823
530
733
308
70
545
526
384
669
439
283
122
177
846
43
441
913
886
437
226
27
407
822
816
44
511
342
309
719
742
436
327
151
686
108
2
531
807
351
770
90
865
701
19
487
723
998
627
980
833
310
997
789
996
995
947
734
473
698
205
582
555
33
32
856
273
166
994
993
34
990
861
366
576
99
837
815
721
553
497
992
478
344
89
991
635
462
161
963
942
989
988
965
964
962
927
675
889
181
178
589
577
477
959
824
810
924
295
132
172
884
250
191
58
418
874
745
245
9
184
268
548
540
641
613
687
513
50
869
847
423
843
829
786
619
754
15
752
743
728
603
110
243
655
566
426
59
431
573
570
563
543
314
201
386
194
569
524
174
21
55
338
155
710
213
649
409
389
192
396
141
66
65
864
795
722
466
443
133
315
708
604
578
373
395
280
449
438
374
53
340
480
260
75
987
986
985
663
534
148
520
370
332
200
3
368
984
948
731
371
326
915
620
601
403
851
779
638
676
469
644
451
383
376
221
134
127
87
12
8
203
293
565
862
977
967
412
910
803
410
793
96
944
899
289
522
425
893
282
81
945
932
870
46
808
688
135
450
311
334
763
550
330
214
255
459
180
307
983
982
981
378
219
47
324
801
979
978
976
971
966
958
954
457
941
934
331
925
832
761
632
588
322
558
518
901
633
626
587
160
139
918
853
313
781
319
750
764
730
678
622
278
76
614
567
239
31
554
379
189
13
820
859
464
209
358
197
697
930
618
929
923
35
470
911
812
790
773
760
673
7
138
920
196
364
885
671
872
136
596
854
765
162
714
695
684
286
514
233
115
551
905
841
895
879
842
791
510
111
18
720
77
262
210
505
247
306
86
48
394
296
560
479
653
756
561
651
525
22
17
216
729
224
175
123
533
703
894
759
883
838
460
685
882
845
242
804
448
800
766
679
672
575
415
207
568
257
95
521
413
290
74
372
318
304
222
144
57
291
72
118
124
261
193
16
152
170
287
241
6
780
98
647
583
956
168
749
171
912
878
835
640
758
323
744
472
718
61
717
363
56
354
416
227
691
476
220
517
444
689
612
605
428
199
594
230
182
126
303
546
421
357
961
937
455
818
100
39
776
236
771
753
411
429
391
398
532
392
422
235
616
757
146
430
325
659
552
656
36
484
346
109
71
611
597
275
880
661
317
831
802
336
153
727
414
681
467
393
300
128
274
492
975
113
949
946
490
5
850
266
782
705
821
512
508
264
41
454
933
215
903
928
916
639
14
867
621
844
557
774
827
707
654
562
590
435
739
696
665
564
537
507
481
183
169
143
312
316
333
173
660
642
92
483
598
547
217
211
482
399
321
26
297
270
298
24
350
489
491
179
475
208
49
427
579
974
25
891
768
453
380
724
704
78
972
875
64
857
762
362
600
120
474
825
666
4
536
353
400
79
272
52
606
404
498
62
751
602
528
254
970
953
919
623
281
796
908
907
881
877
523
485
387
104
246
700
897
202
519
904
408
900
860
830
527
813
798
645
516
176
740
131
737
694
345
145
38
