1000
1379 1626
1779 1206
365 1539
1233 1614
1999 1205
28 186
29 343
1237 497
377 564
1540 1808
152 918
11 1693
790 740
1446 15
473 604
645 1225
662 1999
842 1674
1590 687
1616 566
1862 489
865 1266
1473 785
1558 1746
1213 1410
1997 1171
120 1891
1084 1895
1905 1336
248 1699
1271 254
276 619
274 1956
266 1192
403 234
779 191
556 1114
566 1090
863 1065
1561 1202
712 380
1211 1371
297 1210
1590 253
217 1574
85 667
1660 169
1393 1558
1232 1377
1916 1512
685 476
617 304
1738 1058
353 1488
1168 1781
1255 1896
1439 266
1270 896
1154 1589
688 1895
1012 1798
485 1871
351 53
885 469
584 1662
1030 321
428 381
1716 274
1256 1192
220 230
75 975
1335 1180
157 148
1031 635
508 1786
690 1662
539 640
1441 358
937 1818
1255 93
1873 1107
850 1708
807 1893
1652 252
526 980
1998 1484
313 733
417 1959
1192 1234
1956 1107
591 467
1364 250
309 1627
623 1416
1121 656
1231 1961
1140 600
1527 1695
343 700
1919 1942
691 1245
591 1049
1330 281
573 1617
1833 92
279 304
978 1574
1935 369
635 881
169 430
1024 431
998 382
1225 853
446 1941
436 233
703 297
1392 637
1976 197
1150 1657
1332 624
1400 1882
1607 619
1662 492
314 285
21 1113
1126 1487
1342 750
1426 1222
1160 706
1133 36
1669 1366
875 125
1069 699
431 1833
1444 1574
908 1007
476 356
316 1308
1515 350
1101 1510
1770 1626
1310 1076
1491 967
1309 1129
1544 1127
1886 740
435 1482
1531 713
1889 30
846 1261
1533 1720
975 35
1374 625
926 1866
1520 18
1120 643
1683 1853
1610 84
1926 1409
430 1534
1474 1371
72 1213
310 636
455 901
1285 591
1644 1255
849 295
356 1766
1206 1931
1190 1885
310 1809
347 301
824 587
752 871
1056 1075
957 1885
1773 1592
435 1785
517 166
1351 1850
1185 1239
321 690
1703 1707
1635 112
811 569
1002 1662
165 1779
1750 651
1521 906
1770 1894
633 1783
1586 719
66 532
1719 1949
89 382
148 735
1548 1116
1445 371
824 1804
549 696
1526 194
1028 660
708 960
1450 1109
597 323
1535 1544
1288 1251
630 587
937 297
44 1603
10 270
1461 1516
831 263
1425 1812
284 482
288 1463
1487 1360
539 1976
1213 1360
1790 948
605 1407
1223 150
838 1713
1391 826
1002 813
299 1810
143 860
1825 1706
1986 544
1739 621
570 309
734 675
557 905
343 641
1365 730
1802 1919
433 84
1082 439
1675 1607
1095 787
908 138
747 339
930 1857
771 833
1228 720
637 1877
1515 365
1222 1079
633 1334
1857 856
1431 264
1206 95
392 875
1664 772
1838 350
421 1678
264 918
420 1822
760 1478
976 744
38 1837
510 1060
1367 402
544 1736
1803 208
31 1220
857 1665
1179 1563
363 1660
898 980
1017 1870
273 1188
1478 394
1726 57
604 1377
1345 71
1928 1840
1750 1283
486 219
1412 1265
1259 445
427 1501
1204 845
1583 1499
1953 1679
711 528
1777 1535
1940 1325
685 1934
1073 782
1844 1723
1471 1463
602 1264
126 1593
1647 1058
763 295
384 326
1372 636
144 691
1740 1560
1268 764
407 47
33 1690
468 1344
54 730
1014 901
745 124
1633 351
1331 1239
1708 975
971 1597
1915 1012
1827 723
1802 728
1764 1069
889 1722
1210 106
826 1801
1647 421
523 357
249 103
868 1717
1683 236
799 24
1884 252
874 44
225 1334
1486 384
1035 636
1725 282
1033 817
1726 744
412 1491
1880 295
1060 792
64 1189
1661 1195
1794 167
1449 83
161 713
524 151
1071 1353
58 899
939 162
1649 889
1454 1737
262 1288
1940 938
1537 62
90 896
1128 77
667 519
1019 510
795 1425
948 1273
832 1274
1245 607
1587 1853
766 206
1499 882
877 1666
1140 1166
949 1739
833 1865
1442 787
743 605
50 1291
133 1043
1707 1914
868 1534
1964 1318
1378 276
372 190
15 896
1989 1373
1540 169
1655 1743
470 1344
700 240
703 172
87 297
967 661
1211 426
948 706
212 630
694 932
1160 241
1057 911
428 1755
1785 539
1318 265
1664 1358
1414 23
975 679
1235 0
533 523
1623 746
498 1169
106 450
1826 76
1984 1706
1418 763
1617 276
580 81
1963 589
1867 469
154 954
1157 874
387 1236
20 748
692 275
763 367
1467 1948
1840 168
1577 1306
1862 664
196 318
1559 1803
991 630
1347 1013
26 1501
1836 1543
313 488
765 1924
1766 1469
510 295
1317 993
521 1936
1067 1544
1337 1330
1646 380
680 606
1595 1465
709 766
889 254
215 480
1697 964
1572 552
490 891
384 501
1542 169
1958 1999
1007 130
856 549
1599 1303
1638 1032
449 1102
752 1751
1419 277
1996 1529
728 1078
1958 1277
1784 504
1259 689
1798 699
1668 148
1436 1378
1411 172
1769 30
1038 1238
1038 47
766 1282
1772 1578
1846 570
1869 1704
1925 1606
1876 1236
810 513
358 546
922 777
1157 352
659 1657
1200 494
989 1063
1260 1389
1797 892
1089 729
1977 22
1509 1654
115 480
713 1596
1766 444
277 609
1226 1782
291 571
1655 1113
206 1106
387 909
1546 1511
652 1319
16 39
1012 1646
1952 429
1439 367
1204 923
398 1520
678 1623
633 660
1058 518
814 1300
1881 953
860 392
1626 121
1806 1799
753 1011
1432 756
221 1556
787 1189
626 1283
1321 1058
515 1650
527 978
61 1282
1941 38
1924 329
1407 993
526 1893
544 174
1585 301
555 1008
829 475
666 1591
1402 1260
1451 760
304 787
397 1545
1512 1377
1486 159
581 966
482 760
1762 83
1523 1880
1051 183
715 724
523 1061
499 1999
1048 1672
1993 744
272 214
946 384
513 565
517 140
1612 625
1716 223
1528 1657
280 1412
1573 28
1140 223
615 743
294 241
1599 1259
1420 1325
1176 32
118 156
1746 100
1743 833
1064 1394
646 586
1879 41
1452 164
272 1282
1237 460
1385 606
1803 316
663 558
1318 1493
1328 1249
246 44
1758 145
645 100
706 1500
976 1631
30 1187
1327 500
561 341
1866 191
1393 1289
282 1579
378 1165
767 544
888 1906
1063 1805
150 660
553 324
1604 234
1205 1272
1674 1729
1997 1127
944 1640
1711 1047
265 1100
313 498
1187 1522
1579 865
927 1286
155 122
32 1989
635 281
1734 1388
1659 1312
664 1856
494 334
419 1946
1085 848
1940 968
1038 1883
1255 613
370 741
1502 3
1185 6
528 670
1110 1874
231 1840
410 915
456 1892
1618 344
704 1467
855 1231
1395 400
249 148
1460 92
1891 872
179 1656
1341 1632
26 1159
500 130
1366 1039
1273 447
230 1499
1948 977
1540 642
982 1044
1798 228
1049 116
1284 1050
1529 1738
247 1099
1271 1157
678 862
1793 778
1984 1812
571 412
312 1664
1852 619
307 1101
1688 412
739 590
337 699
625 627
412 115
685 1713
228 457
885 1246
290 556
1543 879
1559 845
1206 1954
95 702
462 1370
1478 524
1352 718
647 1212
956 1313
761 423
634 927
1463 1333
886 220
1379 203
1030 652
171 1396
1789 1138
967 624
1062 281
1112 591
1600 997
1120 1356
252 359
561 1273
1783 1634
598 1919
1879 720
68 82
167 419
1582 1766
1875 142
91 212
1123 1087
377 1034
759 354
845 1878
1430 935
1938 1969
807 895
205 1771
268 1161
690 1018
722 303
1736 418
1961 1247
861 1763
755 474
1034 1286
702 31
1108 1285
577 901
1095 1645
1881 1594
1123 1508
817 1903
1076 90
1683 1055
1139 1378
593 1603
862 909
1154 120
1575 1403
238 1275
399 336
839 985
49 1479
637 1353
78 1642
1568 470
668 781
1923 126
1246 1822
453 1260
1313 781
766 21
1484 27
1324 1540
277 788
1500 871
467 363
375 1286
1047 1082
1057 774
426 1367
1795 306
1989 117
1603 1940
434 303
457 1271
1846 69
49 1052
1755 1524
270 30
1087 1847
325 1222
398 1808
1765 589
1984 612
103 1397
1810 1290
554 1398
837 1042
1643 1658
1241 613
567 1832
1096 1744
1856 1665
706 1360
944 427
1084 332
33 225
999 853
1689 1799
2 255
1574 622
623 1628
1293 827
693 1373
130 760
1915 1271
1271 776
1456 1367
1909 1691
554 470
523 1285
1381 891
1481 175
1191 1123
1515 139
1973 1713
1110 1015
600 37
1685 1225
765 1518
1760 356
815 1311
49 718
1813 626
1462 434
1323 768
405 1780
354 1996
900 1304
1542 1522
835 1313
803 1123
1888 314
1127 685
1784 1238
1829 1549
1534 1033
1951 1204
1837 1523
1088 1802
381 1295
1453 1140
1608 1103
106 1015
826 245
732 394
1162 1650
658 1677
1690 1119
1697 1948
640 1069
1620 1825
1986 1468
208 1933
1492 1374
1161 997
369 377
1799 988
907 1694
1542 836
99 1262
1856 1827
1463 1957
1434 695
606 1037
1457 1178
1988 1235
1139 68
1030 1816
1357 1924
557 7
1480 1212
667 953
1026 1614
1766 1082
526 778
631 857
1355 117
626 1827
1829 553
1027 1004
429 1471
1484 1970
1417 1661
881 1858
1276 879
1568 1175
1220 1271
817 1462
518 372
802 811
1721 1987
943 1633
84 1304
1763 707
729 1291
1185 661
286 1363
1777 130
1984 1508
1291 548
1030 1175
213 645
1286 1357
1741 1209
1466 1284
389 1975
1520 1430
1090 123
1013 404
1906 990
1359 1237
1152 816
44 670
1898 1050
862 176
621 6
1027 933
869 42
1382 1016
1126 1737
247 1655
57 1689
1579 202
199 802
755 1409
1080 1691
1902 383
1769 676
1134 1880
638 1154
571 1291
1533 1519
554 15
902 238
475 383
1268 686
581 1462
21 614
1585 1993
1705 1003
41 518
459 1074
575 1008
1250 1849
1101 760
1943 1347
1200 1835
1765 1543
548 494
66 119
494 954
1999 401
603 423
1489 1736
956 1385
413 1536
1245 1677
677 1420
554 1058
581 647
1905 1752
445 852
1797 1690
892 167
825 186
640 895
166 48
1760 394
562 1539
53 519
1137 1716
1900 73
1624 1805
1053 864
582 300
1353 1783
1618 1806
534 1214
1906 1022
1258 950
848 347
520 1326
717 1115
525 1040
354 178
1066 746
539 288
1583 989
82 797
1132 23
1133 325
231 833
423 84
1452 456
1103 128
1351 1548
1426 745
1827 1419
1865 194
1344 187
1986 60
1030 521
1904 1926
1949 292
1634 1527
1608 1832
1941 1623
1413 380
152 1488
965 1691
227 200
428 1091
1783 124
135 270
1363 1452
1872 84
1884 1273
1139 1661
169 1582
558 1927
178 1841
171 1244
1238 504
941 1568
1055 1900
763 1278
614 1951
815 336
1254 1436
1710 224
1458 114
