4000
75 248
119 35
210 293
75 52
219 183
25 193
154 20
235 232
124 173
244 245
240 171
295 25
87 130
289 157
9 24
67 244
214 75
116 185
215 156
60 115
257 18
146 186
79 173
55 153
207 212
290 54
218 182
299 229
199 0
18 284
206 291
21 18
90 143
181 2
44 128
33 247
234 145
97 0
69 5
20 11
98 20
180 169
292 221
123 163
55 234
233 79
249 105
28 149
199 102
251 186
281 212
262 125
182 239
186 24
234 87
228 8
79 14
39 247
206 136
130 235
254 259
19 136
190 26
97 187
169 165
241 249
62 197
46 289
205 149
7 56
269 108
269 245
297 209
175 121
192 256
153 245
200 3
240 62
37 68
140 209
273 218
48 206
280 254
146 167
44 18
262 141
127 71
35 11
276 290
140 29
235 296
284 53
241 99
172 269
54 265
193 120
50 113
216 59
281 107
54 215
246 162
136 131
246 36
48 56
145 208
65 156
178 57
14 111
157 110
242 212
257 65
223 250
148 200
69 175
203 233
25 117
231 130
224 54
192 176
254 89
266 252
35 262
216 118
297 31
5 237
151 29
155 35
199 120
19 270
110 101
137 156
44 13
255 106
107 46
247 186
137 14
149 241
73 215
204 52
214 85
212 211
286 290
275 92
48 46
19 173
88 299
227 151
163 170
182 37
109 255
217 107
207 259
233 195
89 127
247 6
216 168
174 237
212 285
201 207
163 104
113 1
3 163
245 114
25 18
113 111
234 105
65 34
138 44
34 7
269 54
42 21
81 6
231 146
73 104
73 232
268 226
267 142
230 206
112 258
107 40
55 281
69 260
40 148
2 217
40 233
181 92
14 214
291 78
61 152
16 172
115 240
87 121
62 13
275 210
217 83
184 166
43 196
112 44
133 49
76 263
182 227
123 267
35 102
183 109
148 182
287 265
120 166
271 10
266 186
123 153
120 254
72 28
211 2
97 142
172 60
9 100
94 115
107 167
156 199
139 271
197 279
47 268
272 134
9 52
192 80
183 102
79 254
16 223
255 187
66 13
159 215
94 151
267 108
23 220
180 19
184 26
157 289
190 87
34 101
148 121
289 222
2 202
105 208
267 22
298 99
283 20
286 128
263 143
124 194
202 75
95 59
206 90
143 220
201 131
84 31
73 93
107 209
170 4
188 0
152 60
145 109
147 165
267 289
85 88
247 220
145 195
249 140
5 262
264 292
235 197
201 6
272 115
137 228
296 144
67 269
95 111
168 232
216 227
133 8
12 13
223 113
124 178
286 189
248 146
64 256
147 124
197 293
204 17
123 214
257 255
91 57
105 222
73 186
105 53
216 9
19 146
249 124
14 203
17 79
12 167
185 75
151 163
145 118
187 74
20 0
65 188
273 113
69 143
75 100
94 263
87 244
289 98
58 264
50 250
1 212
281 194
195 208
235 55
156 1
6 47
203 239
199 280
21 286
154 73
94 220
231 6
225 233
178 49
166 189
56 84
62 181
40 226
173 161
208 155
179 154
19 235
195 22
243 114
232 113
2 139
74 184
14 80
32 194
112 84
26 74
47 163
112 77
132 236
54 85
292 35
218 17
10 54
74 166
16 98
114 89
50 297
8 133
129 170
298 289
187 251
275 40
168 78
119 111
29 289
220 58
60 10
34 103
222 133
151 34
120 133
127 246
4 93
29 176
217 221
135 68
158 81
203 38
148 229
38 22
246 165
295 296
64 102
101 2
34 270
34 85
153 198
282 86
74 101
294 165
92 49
138 3
223 30
158 216
33 269
91 264
232 258
146 126
285 142
234 90
154 54
149 62
147 105
44 211
39 219
235 170
37 242
127 9
9 79
46 151
286 17
105 58
5 113
263 267
284 130
265 172
100 154
165 237
182 71
235 189
51 208
239 106
81 245
59 190
93 112
88 48
105 195
86 101
226 165
268 24
231 84
231 13
60 170
18 150
21 55
35 131
234 257
232 44
144 132
274 72
3 50
28 108
232 136
219 12
192 100
271 59
150 224
154 90
85 275
290 247
260 65
214 179
17 248
245 268
48 42
122 129
155 65
111 0
258 264
236 208
99 200
139 191
68 69
161 30
145 23
107 114
31 28
38 74
190 230
157 125
125 109
199 278
108 270
256 224
204 164
228 35
30 63
105 123
148 233
162 165
117 35
149 252
266 231
57 290
95 64
284 228
253 176
197 138
71 209
177 10
298 104
108 31
95 161
162 209
46 148
196 297
159 25
155 144
122 119
115 232
179 137
253 203
264 232
110 195
50 60
170 199
289 1
19 265
276 239
146 211
70 296
72 52
171 205
78 188
73 283
222 197
295 178
177 114
176 55
256 120
31 70
145 171
15 291
38 130
172 235
253 48
90 252
15 222
82 150
21 200
84 239
229 142
244 175
199 173
287 244
165 52
56 217
38 224
133 44
143 65
37 27
213 189
86 207
37 88
282 179
285 165
38 107
47 293
157 37
195 228
117 196
48 257
140 139
137 39
108 216
53 70
185 181
292 25
19 191
244 56
136 164
9 258
147 209
116 292
201 196
286 155
92 293
209 230
80 48
184 257
26 286
62 293
140 59
253 76
218 234
155 5
249 167
26 208
244 45
208 135
40 288
111 64
85 145
250 225
238 164
172 17
48 50
211 184
237 74
48 181
139 61
129 56
244 197
86 98
121 75
167 85
149 28
235 219
35 257
149 94
91 146
279 76
34 32
215 223
97 78
118 264
1 288
155 160
251 206
199 193
169 151
209 6
221 74
140 272
279 225
185 119
30 268
111 108
239 12
26 93
15 263
25 34
257 159
203 170
287 118
28 8
142 185
91 167
228 124
168 288
281 5
42 91
257 76
223 140
48 266
200 142
36 137
219 250
119 42
107 273
76 169
25 248
22 149
172 299
54 288
246 87
37 213
213 295
125 264
131 13
277 161
1 87
20 244
175 189
298 65
281 257
193 239
66 228
93 239
284 102
94 16
258 104
6 189
292 22
262 294
168 291
105 191
198 115
271 8
253 178
35 184
104 247
227 248
11 152
96 246
263 49
165 206
44 191
145 1
181 161
115 12
292 284
77 211
62 179
101 30
70 211
133 199
278 60
181 77
43 52
153 8
255 156
164 189
206 77
151 170
273 200
81 155
97 96
205 198
192 110
128 8
134 154
122 103
193 247
279 239
2 99
3 182
71 283
235 49
240 101
82 209
8 155
102 185
69 288
111 61
206 109
125 160
97 177
173 222
101 260
169 261
176 157
95 211
298 75
60 216
260 185
158 269
139 113
211 240
60 249
236 223
44 285
208 19
16 271
185 45
110 57
299 151
198 284
299 277
142 268
131 146
131 22
220 104
167 105
208 208
276 137
13 33
186 258
34 138
143 204
9 234
96 70
118 228
132 158
0 109
61 148
166 1
96 102
62 108
117 270
124 41
22 215
168 104
161 45
200 161
201 83
260 153
61 225
281 264
11 73
35 271
154 115
158 29
126 121
223 204
35 21
123 82
184 273
153 251
262 35
267 177
168 176
167 168
150 22
18 155
13 237
61 275
189 19
279 231
292 187
249 197
141 194
281 290
4 109
5 175
237 26
192 218
72 149
234 24
283 293
275 9
257 186
193 182
97 66
105 2
115 148
171 138
214 225
247 129
15 198
133 172
138 217
288 4
21 217
244 62
35 107
80 164
299 271
139 130
185 43
294 68
141 68
120 79
7 151
116 18
63 260
259 22
205 73
273 126
108 262
76 281
290 193
26 59
207 33
237 121
10 146
104 274
53 222
86 166
268 100
285 180
23 16
197 187
198 271
268 87
260 258
32 181
290 70
121 137
56 232
287 136
122 296
294 123
81 263
3 247
37 134
60 55
126 94
12 207
23 277
131 29
261 286
13 3
117 62
72 139
266 93
169 277
149 127
14 45
195 244
168 236
132 247
271 97
77 199
79 43
55 299
198 290
18 125
183 40
184 97
269 194
274 127
139 12
92 75
282 14
93 85
137 194
256 163
0 137
143 196
31 102
193 229
10 12
36 175
65 111
227 229
19 43
134 215
115 299
66 249
281 56
216 126
176 104
227 297
12 57
80 226
253 35
83 274
128 190
155 68
182 48
66 164
203 211
161 158
216 24
193 201
125 284
78 67
36 217
40 48
286 120
235 45
257 83
29 237
193 195
178 115
262 188
62 208
192 244
199 78
261 189
196 109
15 148
154 236
185 16
204 45
48 95
129 256
145 274
277 254
230 183
199 288
54 33
83 37
57 93
268 118
46 132
211 174
255 183
80 210
169 81
153 27
157 271
193 86
274 205
36 296
97 242
154 159
110 152
149 275
136 216
189 125
223 170
70 282
223 116
196 32
279 117
174 155
13 135
60 31
291 103
98 281
288 124
202 283
194 70
127 181
119 206
36 111
111 162
124 143
24 90
175 232
7 293
184 31
290 10
140 64
282 283
166 6
42 208
145 294
235 182
268 147
184 291
15 269
17 241
136 187
241 263
71 242
272 57
292 249
54 41
210 278
235 146
231 39
99 82
114 93
254 201
233 209
52 82
295 267
105 101
179 181
49 96
91 10
176 127
85 209
259 169
192 213
94 251
171 44
162 86
146 218
116 44
58 243
120 65
33 121
143 283
129 231
126 210
153 13
103 165
248 273
85 49
156 90
158 90
1 145
79 180
107 244
109 26
250 164
257 131
199 261
17 135
74 296
121 124
18 4
185 161
14 191
4 76
272 213
202 176
247 125
284 94
164 124
292 44
76 171
114 142
227 236
223 0
142 254
276 163
140 199
107 154
206 143
207 58
268 214
65 232
212 251
98 141
232 233
247 100
223 41
124 290
192 170
234 283
129 213
0 8
23 177
72 191
126 69
110 179
252 67
6 87
194 280
205 70
164 62
165 280
54 201
277 2
87 20
71 72
254 67
229 59
3 266
194 297
166 57
124 87
5 293
233 264
251 65
297 200
229 93
124 85
29 203
121 109
205 8
187 220
184 149
43 230
3 69
143 211
145 91
201 299
262 184
243 172
29 214
171 87
19 230
267 27
245 212
82 268
252 26
120 115
162 80
93 36
177 193
184 11
201 31
97 12
87 203
144 31
82 45
286 212
2 84
85 109
108 42
106 242
264 74
57 145
291 53
43 220
267 153
84 34
271 225
169 67
42 176
254 267
181 280
181 298
298 181
278 268
4 280
38 201
89 15
16 163
93 226
142 119
37 108
87 224
187 179
85 26
161 169
75 43
209 46
253 108
251 198
155 93
125 80
247 26
237 93
146 140
12 125
296 171
271 198
149 90
199 238
83 192
274 26
265 229
6 140
100 171
284 178
151 285
224 208
85 154
188 3
242 87
104 71
287 235
177 201
281 151
37 245
272 228
248 219
185 215
19 69
69 195
247 285
11 113
224 1
115 28
9 192
246 296
191 123
134 295
81 18
116 147
29 264
9 281
172 254
109 251
193 128
168 183
168 61
194 130
113 22
111 193
97 149
12 26
229 11
257 216
275 120
238 268
152 103
176 207
201 240
251 23
45 268
261 97
241 184
184 178
105 104
195 159
71 10
278 91
142 169
78 252
3 201
145 71
141 284
248 9
206 222
113 242
39 129
211 290
208 252
197 94
7 46
276 29
215 289
270 117
232 21
41 257
120 125
221 231
59 183
274 106
90 155
247 172
115 143
288 255
277 104
6 176
135 78
47 153
178 270
296 123
284 49
114 258
263 72
208 228
22 272
31 120
23 150
35 222
101 72
298 298
133 271
65 100
78 138
178 2
94 247
267 52
122 57
23 13
201 20
3 269
26 70
19 29
124 297
15 41
189 69
21 155
261 134
184 189
128 283
14 287
200 88
60 203
81 168
217 165
110 44
155 9
102 203
184 60
81 75
148 148
284 248
64 176
161 181
55 292
8 19
203 277
141 90
183 225
78 60
170 253
1 222
84 16
71 92
44 256
8 137
35 57
49 224
119 273
111 134
54 87
85 141
210 100
79 77
241 136
234 215
208 110
27 62
138 93
2 151
29 9
250 136
42 296
36 146
241 287
205 87
137 246
3 230
200 81
94 5
197 157
280 281
84 255
183 0
298 82
161 126
100 217
110 191
159 176
194 41
62 279
73 29
32 251
218 169
47 160
172 195
293 208
73 142
73 16
118 79
246 196
54 23
117 219
0 275
153 15
51 161
41 215
168 57
200 21
2 252
264 257
108 278
264 261
185 14
63 216
148 77
144 240
80 183
118 171
153 146
242 139
162 14
123 186
275 51
217 36
223 201
157 170
153 204
242 98
161 297
181 111
285 16
101 111
109 116
118 240
229 169
284 191
106 61
214 268
49 32
293 112
91 193
1 60
232 160
210 227
87 74
199 122
162 175
150 139
210 145
216 6
194 269
235 99
51 142
66 72
228 242
230 48
171 148
53 199
171 292
254 184
58 83
44 298
147 222
278 5
29 261
210 131
10 124
48 3
273 87
17 60
159 296
154 3
46 7
246 117
248 110
77 69
121 240
267 46
225 107
223 223
174 15
136 30
86 65
128 273
179 100
204 101
155 76
198 14
276 281
200 257
15 8
231 53
51 134
73 158
86 43
253 111
63 202
115 7
199 199
47 226
230 62
30 179
95 100
226 90
69 198
284 255
209 128
175 118
16 21
176 137
92 26
206 61
71 136
121 199
67 158
153 122
169 273
281 59
111 136
54 44
116 105
285 145
179 78
12 117
3 64
236 190
176 133
39 277
41 266
53 258
197 199
210 56
144 92
222 296
225 225
142 145
108 152
221 189
140 114
215 79
78 175
9 57
272 283
187 144
142 274
189 30
108 150
295 121
264 38
233 64
10 256
27 144
119 220
248 235
211 68
45 5
117 103
42 68
107 11
158 70
125 76
212 50
35 162
283 190
31 238
78 112
64 196
260 197
53 121
112 107
97 256
232 229
17 208
140 264
187 199
197 119
54 92
176 274
229 220
249 227
288 181
190 20
90 234
84 170
95 7
105 126
285 235
4 82
80 20
205 233
238 120
0 21
270 202
205 264
269 154
8 10
151 199
39 152
285 108
232 125
18 253
160 102
14 58
137 288
293 201
40 96
232 183
253 32
28 103
289 82
165 111
4 89
221 179
68 174
111 54
224 218
297 281
149 155
4 157
195 198
124 167
122 116
72 157
80 92
177 147
150 81
9 237
216 143
231 82
190 207
222 107
14 43
282 48
140 21
172 274
299 159
36 265
88 110
209 152
263 53
178 209
243 169
52 103
264 171
133 144
131 40
194 34
198 42
105 155
218 157
292 147
67 227
156 133
174 108
7 198
251 220
28 189
32 200
53 233
216 68
52 18
160 179
214 66
177 159
284 281
98 120
110 230
207 44
253 25
81 270
178 65
0 79
222 178
293 69
83 244
82 258
217 266
13 192
273 255
199 229
205 292
217 147
38 240
214 272
227 220
130 172
224 159
293 152
293 99
46 255
13 164
175 268
263 299
54 143
92 120
167 45
2 131
252 292
85 223
138 54
166 83
189 258
121 58
228 219
60 233
88 286
178 186
34 65
243 278
229 87
69 106
205 116
49 59
186 4
267 10
116 79
94 272
117 182
156 109
53 209
286 286
257 86
208 276
203 19
155 208
256 136
91 140
210 8
62 53
41 181
103 55
262 121
253 59
96 293
164 77
160 173
166 186
78 275
55 266
297 159
74 35
297 231
15 93
154 233
109 232
258 66
56 261
143 141
80 30
57 45
102 280
278 0
135 57
69 155
226 181
261 233
127 27
273 91
0 56
128 50
95 187
85 99
193 243
277 151
45 208
16 249
285 217
125 196
282 234
72 145
6 170
182 30
78 121
226 214
106 198
187 110
209 170
68 28
80 95
65 174
140 249
272 136
33 133
231 224
46 165
52 16
145 87
52 36
83 136
28 213
299 121
112 217
279 152
130 263
99 270
52 272
152 130
188 201
211 245
89 66
254 65
116 277
177 120
38 264
174 280
102 43
286 221
121 67
194 89
178 134
210 252
133 34
80 62
292 132
208 139
205 257
288 275
261 260
276 42
10 206
174 94
198 275
107 224
254 215
86 255
156 248
86 14
142 244
238 299
202 34
186 271
219 274
58 125
175 64
17 13
157 75
47 264
211 186
17 88
50 240
61 61
249 83
75 8
245 18
221 167
139 195
66 285
178 272
173 81
74 61
107 48
222 214
178 223
216 203
262 71
108 250
179 56
33 271
262 194
269 141
18 295
201 152
258 56
14 161
292 175
163 128
49 157
147 21
94 253
95 9
270 215
243 227
198 1
32 57
286 61
256 177
256 200
98 231
75 137
129 276
167 285
165 86
54 260
136 70
234 124
76 298
123 230
201 185
53 230
168 91
283 140
174 13
223 247
117 92
124 105
185 154
30 72
4 184
39 180
280 110
299 123
74 206
148 63
100 287
27 231
288 183
43 142
264 200
278 21
83 200
46 273
180 49
57 20
34 140
122 21
237 285
137 162
134 30
247 131
187 138
222 256
221 280
226 60
112 51
48 28
200 244
65 226
176 190
108 139
75 244
275 86
123 264
170 192
150 130
128 195
103 21
121 144
147 261
186 269
228 99
238 293
139 245
266 107
142 26
70 234
128 298
148 4
219 158
254 255
37 131
11 63
286 134
106 94
27 109
141 297
155 129
39 186
141 42
295 289
94 140
244 133
171 54
287 141
189 47
268 185
47 144
255 223
269 126
138 98
42 56
281 139
48 185
127 108
191 93
210 161
196 280
149 17
217 214
106 65
229 67
33 54
135 129
243 96
16 92
181 170
272 47
141 271
128 147
20 28
221 5
22 82
17 28
88 296
291 211
75 241
219 33
127 62
149 3
49 280
59 29
164 187
142 292
21 295
9 287
233 247
12 120
240 2
83 161
112 56
269 99
11 119
8 15
159 86
178 27
85 278
152 47
258 219
102 25
214 193
82 43
13 280
46 218
253 62
288 149
131 243
10 60
245 121
43 24
148 174
31 233
87 220
170 133
65 179
254 11
236 73
99 0
288 194
121 167
19 73
51 101
91 29
246 76
207 170
113 180
32 237
210 107
264 184
265 233
261 119
65 61
130 106
257 242
148 255
44 2
285 1
143 128
117 146
143 242
287 241
205 272
42 226
14 35
90 224
98 186
282 80
258 177
54 104
31 16
57 204
9 160
76 42
273 276
185 264
286 296
252 296
69 201
27 80
255 254
138 185
116 151
20 240
8 59
105 265
157 275
157 283
222 264
242 284
237 270
253 262
259 235
154 39
128 145
235 4
111 286
2 71
163 24
147 37
267 56
84 107
243 85
43 201
65 250
146 257
262 104
81 220
9 208
260 98
107 203
157 135
196 112
121 69
106 159
206 280
99 213
285 163
3 168
68 96
210 154
98 29
68 252
206 1
217 249
97 192
180 35
128 38
180 199
150 119
147 188
42 43
119 136
16 111
35 52
273 210
49 193
240 124
98 111
52 223
270 21
257 179
22 45
130 37
111 19
51 56
296 20
114 105
89 294
45 57
263 94
99 137
9 88
99 48
54 235
207 197
7 132
57 287
296 6
130 196
46 105
183 135
58 194
164 107
94 213
63 161
47 180
82 79
79 129
250 56
242 9
2 154
263 287
19 223
158 52
87 141
128 80
65 147
236 109
131 200
158 117
79 100
1 161
36 41
243 22
55 93
83 222
183 38
167 179
55 31
89 112
25 122
177 96
292 52
66 175
297 214
191 72
256 298
55 7
171 76
276 288
22 92
1 97
200 50
57 85
143 259
290 30
159 245
235 284
38 117
260 102
78 135
295 284
128 30
70 86
81 25
276 188
90 39
196 149
224 168
242 245
1 15
193 255
101 13
64 282
14 156
8 239
42 161
247 267
272 280
77 226
166 77
92 195
109 286
248 259
234 269
16 260
9 195
83 202
278 156
181 44
248 58
299 44
21 168
231 221
205 195
178 184
280 258
79 216
227 208
148 273
91 19
257 157
10 66
227 113
116 260
69 180
289 267
31 122
267 230
228 50
216 30
278 217
54 89
240 96
84 69
91 101
36 97
61 238
81 140
139 261
233 12
281 262
262 82
44 226
295 163
167 125
173 199
102 263
234 289
119 276
57 132
194 146
224 82
156 277
241 190
93 259
250 90
245 148
48 284
123 219
103 224
100 198
49 12
237 80
101 212
21 30
293 17
162 72
16 143
84 284
77 190
241 266
218 201
22 181
100 36
185 236
217 96
152 82
202 117
76 11
198 250
19 34
263 277
44 263
284 37
64 125
162 148
39 21
178 261
213 203
275 152
37 84
201 52
92 116
278 195
140 299
228 58
34 220
44 141
217 287
41 269
239 154
264 182
189 114
182 28
116 154
206 298
235 209
156 215
265 149
111 245
275 222
268 181
179 205
43 5
179 244
215 236
155 37
147 76
128 232
297 263
155 202
34 36
110 12
107 56
8 178
294 100
233 10
54 4
216 22
191 81
118 122
155 219
130 167
87 7
155 165
196 139
17 22
137 90
25 267
179 200
179 102
133 85
184 228
31 175
171 80
212 176
246 211
24 92
33 245
96 46
170 79
296 217
211 150
126 162
10 38
183 188
70 79
40 248
0 63
22 64
37 152
82 118
208 247
89 1
81 223
296 196
119 239
250 285
291 282
221 135
23 159
100 244
159 145
130 223
23 115
196 68
216 192
166 283
169 137
128 46
284 141
88 214
170 65
152 50
204 256
216 12
73 292
239 142
55 197
109 239
209 77
67 79
216 217
295 157
218 90
282 21
44 242
123 128
266 206
269 46
140 70
211 298
79 26
204 294
39 40
29 126
83 224
162 250
224 63
129 0
283 251
233 61
119 168
183 267
213 152
230 147
277 87
160 270
160 34
46 12
4 189
146 16
47 171
140 97
66 177
95 235
114 136
225 265
50 222
284 252
173 167
104 140
147 2
149 145
181 224
17 145
179 286
79 18
132 139
205 204
251 2
77 156
78 235
43 254
296 125
292 32
185 245
63 88
238 111
156 142
299 1
291 151
58 156
19 239
132 181
119 101
92 175
287 30
264 105
27 246
113 88
61 27
101 276
183 83
261 12
181 172
267 225
129 24
208 3
98 220
214 265
252 145
12 221
131 163
57 220
144 76
106 8
265 77
151 149
158 180
103 187
260 47
19 232
277 23
70 171
63 198
252 46
192 64
290 81
147 9
208 184
214 205
224 155
222 174
108 131
168 234
36 252
131 249
157 97
169 257
201 227
257 295
270 101
43 85
273 3
8 152
79 132
154 47
162 205
264 136
25 30
117 205
91 63
230 210
224 220
219 109
10 241
203 127
29 167
67 192
161 24
16 193
158 122
143 48
296 286
269 44
158 35
37 223
14 27
40 162
277 167
123 135
16 37
79 248
39 56
66 1
144 145
29 27
261 289
247 64
176 287
36 286
178 131
159 153
270 140
55 184
253 82
30 147
223 22
76 292
288 110
290 13
74 190
225 169
276 60
159 158
299 13
21 281
168 15
214 256
280 14
102 160
230 202
267 241
85 217
31 88
113 64
150 267
274 201
91 207
246 106
34 18
130 292
20 229
63 141
69 223
38 197
278 207
188 153
280 159
124 119
208 114
108 233
278 280
7 290
218 261
27 130
200 14
168 171
237 174
109 184
29 135
7 141
240 82
255 221
255 38
191 10
116 30
62 105
156 254
10 118
187 42
283 82
76 233
281 116
46 235
205 30
248 71
182 246
195 193
11 59
2 92
197 141
128 142
282 45
146 28
228 166
36 225
291 255
132 3
192 190
203 28
227 153
244 68
129 209
101 106
67 215
251 54
286 177
272 41
144 264
57 15
277 273
62 144
89 23
181 143
139 104
140 196
167 208
2 86
209 266
294 239
235 294
227 3
44 90
159 47
139 69
179 34
224 289
100 109
262 47
242 67
235 298
291 213
221 12
202 297
231 135
65 200
50 151
299 97
2 171
216 243
134 233
215 150
62 17
189 109
198 189
270 156
265 277
132 238
33 106
81 134
81 84
205 91
59 229
215 100
109 153
273 66
22 267
7 252
268 137
263 251
224 266
132 203
184 111
56 18
83 294
229 4
100 141
251 127
226 263
57 77
54 19
52 99
60 98
253 185
211 46
153 292
93 218
292 155
124 13
226 146
82 86
146 266
75 130
236 195
227 164
117 7
274 135
52 280
288 134
6 163
82 128
15 53
212 227
12 242
177 38
38 235
148 126
248 200
150 205
162 65
217 109
133 214
59 102
33 112
201 15
195 104
32 142
166 117
24 198
299 66
2 17
236 155
279 160
276 223
276 130
172 57
167 79
209 59
104 184
87 49
231 110
220 282
276 165
272 77
236 161
161 61
265 239
10 201
114 179
212 126
228 210
151 146
71 107
83 270
113 165
27 212
49 213
99 116
202 287
209 140
35 253
265 75
176 153
193 275
183 207
27 248
192 159
124 1
15 272
147 61
199 33
104 145
185 57
33 39
217 259
46 36
98 180
244 209
0 118
133 274
4 3
94 180
198 19
111 242
250 4
190 0
121 63
168 96
171 51
179 69
156 152
91 8
259 164
0 194
47 238
145 183
40 280
211 64
4 240
118 201
193 178
154 150
33 280
102 271
212 44
200 118
108 119
159 77
255 49
291 0
80 177
118 244
199 112
175 170
58 111
2 38
182 11
250 178
258 291
220 18
130 39
225 47
269 85
114 78
139 90
230 263
88 241
3 123
187 245
187 283
188 86
86 50
28 257
192 271
43 109
270 268
46 107
124 212
297 283
82 74
270 189
252 56
101 149
34 153
294 275
25 95
64 181
193 204
223 96
13 108
93 198
15 169
77 131
142 43
188 8
54 133
229 150
261 124
269 61
99 84
189 21
24 242
98 118
181 56
62 251
187 259
53 292
238 235
140 251
137 77
296 90
32 255
266 152
226 64
279 222
215 113
200 168
89 56
286 150
45 254
96 268
49 264
66 235
17 173
53 61
167 161
238 260
79 280
183 65
298 93
124 201
45 3
211 295
55 158
51 89
141 276
191 167
62 36
20 147
98 214
274 237
61 236
180 118
119 262
281 39
182 155
254 122
33 96
106 292
54 53
160 209
226 194
156 243
290 32
266 82
143 41
185 0
204 237
25 283
263 148
287 178
105 116
185 12
197 163
88 135
157 65
190 31
208 70
228 258
29 79
41 263
110 213
147 64
225 216
145 248
243 61
35 176
273 150
259 143
114 286
223 216
174 97
230 60
108 115
125 189
148 131
61 256
207 217
111 117
219 123
233 81
219 39
296 224
232 250
144 27
44 151
56 64
299 172
212 7
255 7
230 129
70 189
222 61
33 154
289 190
91 154
61 267
90 243
139 290
238 29
202 254
99 146
51 127
107 251
48 243
22 108
93 27
52 139
286 275
241 283
260 239
280 52
158 222
269 22
12 254
204 180
234 165
75 49
187 82
173 226
285 262
155 223
208 255
104 255
118 145
260 31
238 217
177 110
141 293
96 165
78 89
226 15
272 158
157 208
286 271
222 220
24 261
87 87
181 64
43 7
39 267
261 181
104 281
165 128
54 154
235 36
174 186
105 43
133 222
147 87
109 13
91 210
68 202
178 204
264 27
84 259
190 164
8 31
1 269
69 25
129 129
187 217
46 50
180 221
196 26
34 77
161 153
49 44
83 13
6 266
297 112
164 3
0 12
209 174
189 120
44 63
101 18
191 75
90 292
7 118
213 35
21 67
190 249
78 202
77 116
112 261
265 247
177 61
40 137
238 211
61 65
73 72
164 240
64 230
238 109
174 102
214 54
68 104
221 43
218 194
284 125
148 46
230 153
296 161
41 299
180 156
124 268
16 277
154 268
286 132
60 207
275 204
52 58
231 212
80 259
294 10
14 103
196 47
230 34
49 103
112 120
153 241
225 257
285 153
232 171
13 142
13 222
293 241
288 151
237 139
14 126
230 172
202 137
184 248
52 252
129 201
251 217
29 49
56 230
214 96
91 134
161 70
4 199
278 235
140 204
65 241
181 124
59 37
141 238
169 175
80 98
147 93
260 1
87 248
101 33
126 241
147 178
181 52
260 265
64 261
25 16
286 112
174 89
111 158
66 70
57 292
94 274
49 111
184 128
154 33
289 292
103 283
36 273
146 56
18 76
64 274
153 234
203 296
7 285
104 297
32 52
292 59
145 250
259 188
199 267
78 12
265 139
65 275
231 268
209 277
282 160
261 276
144 153
97 182
195 240
226 159
198 3
246 290
8 205
0 28
280 245
211 237
294 51
56 143
152 210
12 114
105 259
155 169
33 260
114 250
151 61
124 248
31 137
86 29
182 91
238 283
225 144
151 278
154 262
44 205
66 63
169 213
174 122
164 160
23 33
296 105
136 235
219 113
175 264
194 191
27 201
49 134
186 22
9 90
179 238
292 293
245 75
70 150
74 223
284 32
50 214
28 164
99 60
173 45
15 14
182 219
284 184
272 25
299 145
283 175
80 22
259 147
140 247
85 47
160 191
263 117
195 148
133 211
156 24
130 183
178 217
89 120
230 91
28 205
30 81
298 132
189 232
257 172
252 141
19 206
154 255
231 277
198 74
13 77
67 251
71 249
54 243
45 163
217 88
255 63
280 10
287 85
212 106
185 8
231 30
0 41
214 173
71 54
284 222
180 131
67 94
78 151
102 34
127 13
208 26
198 192
185 205
152 98
116 49
8 161
178 231
256 206
220 199
163 73
276 108
265 259
4 87
235 68
21 107
47 245
152 127
214 94
248 32
160 114
130 175
75 156
163 242
134 82
196 162
91 1
140 56
50 292
131 219
31 47
147 256
280 150
40 7
264 48
222 138
139 152
44 194
1 266
108 191
74 243
228 291
166 152
250 30
38 83
164 154
130 140
73 242
100 176
293 170
87 25
76 79
70 146
19 286
9 112
148 92
125 2
122 45
136 176
180 228
199 125
47 114
78 197
273 50
142 2
163 283
271 87
96 227
227 199
49 84
237 185
88 69
224 271
14 31
130 254
183 44
18 279
9 177
271 72
66 110
107 74
287 195
56 12
218 219
12 154
65 123
40 26
70 232
289 116
286 123
104 164
241 203
80 265
96 88
66 145
118 96
119 40
168 0
23 47
134 283
73 82
99 239
60 258
166 108
107 32
144 164
273 179
19 77
113 237
152 57
269 277
297 98
44 122
229 27
268 190
124 257
245 47
246 218
176 215
13 297
21 40
132 210
191 50
105 230
216 17
267 13
165 30
211 127
183 115
289 296
9 179
245 96
197 179
119 78
287 225
173 124
215 247
29 258
222 31
131 123
10 22
220 37
36 127
28 207
13 295
183 8
2 261
295 14
205 42
143 23
3 55
79 263
147 190
24 276
126 28
161 111
124 204
27 120
173 268
22 103
261 75
62 77
97 24
248 226
69 219
7 149
174 73
100 152
246 127
122 62
167 245
299 47
30 31
148 179
131 202
141 6
275 122
227 262
38 104
79 146
236 179
117 46
200 187
259 277
104 216
210 242
269 166
46 53
170 283
215 133
68 123
126 233
57 117
179 9
114 164
119 289
141 130
76 44
271 278
83 63
6 255
281 22
191 98
267 78
216 78
1 199
214 125
227 186
36 192
20 58
35 171
132 170
175 44
94 56
254 132
262 9
135 53
267 271
112 177
228 157
246 33
291 90
157 165
46 295
72 132
160 28
109 237
15 19
238 57
150 210
294 159
181 67
262 216
147 128
241 27
215 281
143 63
186 129
2 257
263 156
161 278
266 65
234 118
277 63
69 103
125 106
194 110
233 129
236 44
186 124
118 224
16 290
151 144
36 44
179 42
154 128
280 193
157 186
216 163
30 55
210 120
19 123
203 79
70 127
137 61
26 160
150 152
120 113
180 94
185 207
25 205
56 286
282 92
19 88
6 294
197 57
5 222
275 7
14 211
158 23
29 138
21 8
224 104
97 238
107 241
144 148
88 274
247 78
166 103
251 70
165 137
297 293
63 44
151 89
130 169
116 265
289 214
273 198
190 130
190 143
281 282
173 139
144 110
101 269
211 257
206 231
34 228
218 164
65 159
54 65
24 212
203 235
53 137
230 189
56 95
297 278
126 24
280 88
35 249
89 99
154 181
13 202
299 252
271 161
21 115
170 164
259 94
162 27
296 41
250 131
276 259
38 72
62 171
260 96
146 66
87 200
268 248
167 3
254 194
8 212
226 77
102 74
189 40
48 23
298 48
275 250
299 206
194 137
31 95
284 266
56 245
138 293
134 208
79 116
229 179
141 181
162 134
218 64
285 36
92 102
226 286
292 247
168 219
225 173
128 104
259 269
227 104
247 31
133 51
132 93
225 30
250 215
218 172
260 267
284 68
96 56
32 33
118 76
129 222
156 106
287 99
86 246
40 17
231 45
138 252
4 289
205 249
44 153
45 280
76 33
123 199
219 1
284 18
92 246
195 223
97 295
125 49
230 231
277 240
99 93
98 95
143 28
90 277
32 134
145 142
223 160
126 217
250 107
269 283
225 259
173 231
196 227
183 55
241 140
229 46
128 257
91 162
142 115
74 94
116 190
287 9
0 59
179 73
44 273
10 248
198 137
255 110
54 146
139 156
191 38
217 103
30 116
132 230
245 287
272 190
92 185
191 78
226 232
119 14
243 140
144 14
195 237
77 147
125 83
199 273
69 130
266 204
91 231
183 199
125 120
14 244
165 179
247 184
298 250
180 10
9 14
158 237
217 133
74 194
133 163
141 123
164 141
144 5
82 194
102 274
127 250
102 60
125 135
179 291
299 40
184 279
42 222
181 293
297 259
275 73
116 97
54 46
117 110
258 201
150 190
33 118
96 206
43 145
157 188
22 224
139 202
64 16
172 6
132 114
84 126
284 55
73 173
113 220
175 245
194 214
187 50
8 104
71 187
27 28
145 150
8 167
111 180
231 245
93 162
78 182
151 213
157 26
190 22
145 217
66 80
65 28
128 113
157 260
169 201
187 297
142 106
272 292
192 221
170 286
256 258
199 43
240 201
20 22
157 39
94 177
296 12
58 164
68 74
247 17
15 288
168 275
187 194
24 88
296 297
53 241
27 43
238 252
168 13
272 209
229 266
194 227
124 272
67 236
98 209
281 175
282 187
194 210
295 78
13 55
167 130
288 169
289 28
52 153
268 179
273 93
191 18
192 241
176 42
287 58
247 83
299 186
285 6
43 156
123 77
28 235
64 264
81 200
271 82
6 18
161 90
249 159
287 129
231 292
182 74
5 160
58 288
244 138
184 6
289 197
51 278
75 26
24 192
41 291
216 136
107 279
168 284
114 6
17 33
26 112
234 44
186 221
102 93
28 81
34 150
33 41
145 13
259 12
262 85
226 125
163 93
124 185
31 8
50 117
222 232
288 188
109 266
43 187
236 64
173 208
93 267
196 86
59 116
84 234
60 101
21 25
75 47
90 160
271 222
89 37
21 186
67 229
168 111
129 97
213 247
276 247
3 258
92 268
5 42
286 41
54 29
256 62
295 187
89 79
190 247
7 267
107 99
29 246
246 251
266 155
285 237
174 113
260 249
74 24
238 178
163 90
199 191
112 285
141 85
207 210
262 235
260 282
103 179
99 101
125 172
219 75
268 285
180 21
141 231
298 39
71 26
202 154
2 274
299 69
47 89
200 138
245 155
231 184
109 209
141 118
69 31
225 13
256 2
137 171
150 14
281 98
206 14
270 149
185 275
144 88
109 50
277 69
160 84
61 106
83 18
111 150
215 64
253 197
271 31
81 104
227 135
124 17
100 174
102 287
27 277
29 132
211 29
202 246
34 287
59 275
126 182
58 270
256 154
69 40
27 152
3 47
11 182
296 119
240 70
89 6
272 232
115 196
12 62
298 191
92 171
64 41
284 270
264 67
32 243
112 81
237 117
205 47
86 125
27 76
41 202
274 118
206 246
126 152
11 232
130 142
299 156
258 213
127 124
214 211
49 17
35 89
167 224
30 298
254 16
76 133
91 183
