10000
8506 4981
1624 3119
3371 6091
2103 3418
4067 1102
4031 9790
5311 6851
7848 7316
6536 4087
1455 7432
4676 8242
6254 6768
9178 183
4807 3032
3068 2514
756 3302
4907 6102
6619 8759
9943 7825
2778 1100
226 2627
9262 5877
1373 894
9465 3550
3742 5206
4363 3952
481 1081
9252 9568
5288 456
8368 3191
6328 9901
796 2568
2872 1328
2695 3295
9534 6324
349 4121
6372 1564
2776 375
1277 9163
1424 8596
2442 8216
7736 2550
3493 3706
2282 316
2784 6220
7393 960
5233 8086
1862 1680
3029 9949
956 2715
808 1715
2935 8765
650 1287
5845 1426
6261 7916
1523 2942
8416 2379
6510 5931
4877 2481
6320 1046
9660 8891
594 9270
7135 1488
1004 1576
1854 7344
164 299
1886 3824
9920 1136
5362 6794
1853 2293
4255 5277
6062 5204
3290 3040
3267 4093
4171 9009
6385 4698
1444 7054
8792 5574
6078 3620
993 8554
3349 9912
2269 4445
7578 1574
1955 2695
7569 7483
1831 9072
5413 4612
7059 6591
7302 3798
8241 466
5914 6762
1529 4034
2271 6460
7691 6297
19 3242
8638 5962
133 138
248 6385
6610 1899
8179 7499
7404 2692
1693 5752
3807 2840
6113 902
9907 1566
3779 224
8558 8909
985 7173
3813 32
6184 1300
9140 5436
2015 821
7895 7672
3040 5240
7165 8060
1775 7735
6386 8925
9458 835
7424 436
7773 7295
7488 4279
4329 292
2789 7716
6336 2055
3582 2315
6961 4960
318 3296
7689 4427
2630 7653
1693 195
9654 5788
8871 5408
8022 7086
3573 4573
2023 8656
7853 293
8418 3187
308 8256
5974 6233
9345 296
2163 3341
5904 7860
4339 3471
3494 1757
7856 8527
2135 8321
5634 9906
2407 7887
4433 2475
4585 653
1733 6769
3434 7007
9680 2251
3156 8991
6628 8291
5813 5014
442 1994
3777 9561
6992 3391
5756 4830
1253 6997
7944 3983
8889 6028
3814 7900
812 5875
697 1736
2917 7599
5631 7140
8562 5371
3047 3578
1037 5735
5575 3007
5149 4327
3448 1368
7981 4045
2067 1029
8029 1390
2037 7749
9892 7771
5790 768
2653 4153
2220 5000
1393 7524
8511 8525
8195 8072
6721 2072
3859 9506
1419 890
3314 9106
2667 792
926 1658
1284 5870
925 4430
7748 9162
8574 5086
9525 7171
8523 6887
7113 1060
6895 3704
2951 8818
2010 282
8572 3505
7523 3016
5709 3408
5041 6723
9607 7089
4446 1553
758 4687
6832 8784
3296 3973
8779 3157
7477 7609
2834 8052
8217 5045
8614 4082
5547 3804
6509 7402
641 5885
2835 1541
994 2358
9047 1964
1777 2954
1077 9837
1876 8177
1866 1516
1778 5217
3811 9041
596 3487
297 8792
483 5523
2431 158
6933 9089
1270 928
7077 6196
2825 58
3855 439
6039 2331
7106 8364
39 7858
1747 9625
6292 9625
1168 3826
9201 6722
3866 3256
8694 7421
2049 5576
6451 8669
6238 8411
6168 7827
9682 397
2755 8182
7682 169
8105 4176
5634 6736
2785 3288
8746 7681
684 1743
4322 788
1628 7590
7998 9043
8883 6648
7624 1721
2699 2680
1084 5328
2469 3931
2368 6195
6260 5231
8818 2199
4869 2110
2280 460
4682 7354
2515 6352
369 6437
1746 4984
7225 9968
510 4482
4792 6353
2338 4991
7112 1582
3128 1530
3421 7777
2233 4731
9202 9611
4869 6999
7335 4053
9612 3673
553 9296
6727 5010
4831 2217
6055 8128
1585 6814
1868 6879
651 9126
6199 9857
3403 7231
2522 8526
890 9529
7406 1662
9676 7748
4708 7630
5729 3408
5080 9487
1910 9134
8012 74
1089 3674
4742 7053
9758 785
6576 3362
9301 869
1326 5306
6424 587
7912 8729
9812 2067
7519 8852
6918 9618
8470 828
7202 7975
8241 7222
6949 448
7034 8865
9227 885
8493 5881
712 6405
406 6418
1121 1281
257 3756
489 5073
1981 8829
2657 9888
6000 7140
9622 5980
4788 4832
892 7183
1844 7942
8871 364
8492 1299
9638 1093
1792 4939
5640 3444
7618 3897
9553 7831
7638 4918
3824 5983
3133 9191
6048 4669
6698 6342
5943 8379
3556 1560
4553 5941
2435 1688
9246 1257
7268 7105
8553 396
9540 6301
6881 2447
974 3469
3890 1785
2999 9165
2430 3851
6581 7227
5825 5245
8341 790
3489 9139
5936 9973
9010 783
2522 1935
1876 7363
593 6921
5278 7603
7065 8246
1777 3062
34 935
3721 7718
744 8615
5136 2766
490 8484
9216 7627
1768 5479
3788 6915
4355 2715
2622 2643
1181 2218
16 2623
8646 1202
2188 5924
6256 8028
1580 7403
7317 7456
1711 5693
5703 7135
4088 7598
2600 1098
978 2222
8236 7153
5052 8367
4189 3926
2357 2395
680 6734
842 7298
2879 2991
4734 8504
2200 4651
4234 6684
9375 1247
6365 167
2041 4796
2573 6775
8064 5793
7252 2145
8342 7073
495 945
3167 1429
5488 5308
5394 1428
985 749
5999 6240
5895 7347
6543 6091
9910 4586
4027 1419
3721 4449
8801 3416
5023 6733
1614 1429
8939 6597
5876 7163
4473 2877
6425 2860
2358 9365
4581 8449
6534 9260
9216 1946
7265 2708
6904 3759
2694 9427
7583 9678
8429 2881
5454 8246
6414 7465
9242 9455
15 264
1193 6634
804 8718
1451 1221
3613 8631
9604 1694
267 3761
543 3694
740 8154
4690 3586
6130 6458
4849 7551
2672 3109
6343 9057
95 2517
2670 1141
3064 4995
7840 5362
2758 8265
5909 4874
1284 9882
2250 6806
1646 416
8172 1521
1286 2739
7275 476
449 2794
4668 4692
7244 5496
5152 4595
8871 3446
2108 5884
5436 8728
8703 7739
298 412
4276 4770
6617 9836
9183 2862
9590 8946
7107 1421
2487 9909
8598 8310
5340 6332
4373 6120
7702 7572
8759 9809
550 5366
7346 5678
5864 7652
4319 7137
69 9289
9519 1681
5018 4064
9179 3457
9710 9856
3613 1382
7140 283
3022 4406
7179 213
2568 6673
8214 1264
606 8627
8539 4172
8358 648
609 9583
2873 3129
8176 2588
3101 53
2193 849
8661 2850
4299 1662
9679 893
4973 6101
2558 3365
1801 6672
3574 9321
6022 5666
99 9493
4021 9314
9148 734
9006 6734
1890 9806
7410 1548
520 8608
4146 99
8934 5357
5108 1976
1332 350
471 5092
5784 3226
1723 417
1295 9625
8668 4274
439 1514
2088 5483
7763 5699
6234 1258
9315 1924
22 5424
2996 4204
9958 4434
6182 8731
6120 881
3091 7195
1191 6606
4471 6545
3383 789
2583 2965
9540 3291
793 8315
7294 9237
7967 1753
5002 2477
7975 1527
7715 7023
5789 1828
1781 5331
1468 4158
9687 3096
740 2548
3307 1622
2499 6541
8216 4063
8329 5623
9552 549
4121 2498
8110 2376
4793 6608
3861 1339
2802 4091
574 9939
5420 6287
7607 6976
6275 5654
396 273
8556 1802
520 6600
1397 951
8803 1148
2376 3703
8237 1046
2120 2869
2462 4709
4536 8883
9978 1504
6380 6843
9218 1317
1364 4979
2963 724
5885 2357
5056 3154
2087 1256
9605 2400
2034 9257
2725 2654
914 8667
5426 4180
279 9979
3276 5146
4760 2558
9735 1028
8945 3211
2647 9083
2672 665
1988 6783
4312 693
1626 6039
909 9798
412 8732
8468 4379
8706 1059
7542 7344
1252 2059
7282 3361
9081 607
8747 5887
6445 9594
2840 3915
2082 9181
4121 1464
9121 8077
2139 3293
292 1240
7554 8909
1398 794
4098 980
7700 6850
8213 6377
4462 1188
1151 1516
3409 8791
3819 6345
8176 2369
2516 7563
8208 1105
8980 858
6334 7466
7595 4535
5153 1851
1362 5429
3014 949
9972 9928
4578 5758
1829 543
1336 6928
329 9154
9243 961
8562 140
6071 600
8389 7285
2853 3446
4555 2150
9753 3895
3793 2233
2543 1750
165 8788
7096 416
4789 9383
6437 5381
8554 9981
3993 2894
5364 2734
3490 6380
7284 9924
7115 6562
1899 7956
2843 1723
6645 4001
7494 1792
1495 1487
2706 3910
290 3779
5780 355
9354 5396
1521 5785
2595 4650
7627 1555
1691 458
9736 3419
1101 2630
8596 3072
3220 7885
6150 8864
2316 3209
6287 2753
800 5288
5346 3775
9328 7785
4274 1864
6586 1304
5844 8906
1105 7097
4962 5319
9616 1192
3802 2909
9623 8863
3643 8424
9093 7128
5748 4728
9896 6386
3161 4457
7771 9463
9625 3115
3366 3551
8087 7668
5362 3881
6564 6377
8045 777
7335 995
2646 8320
5421 4784
5412 3506
2917 8089
3910 7488
8523 1037
3439 5510
992 67
5039 7726
8622 4481
5296 1952
1345 3206
8357 4417
4757 8928
5874 1729
9157 2556
5305 9746
6555 4217
607 2346
8463 1928
9712 4202
8049 4756
1033 5147
2954 2685
111 5541
7641 1210
963 5371
159 2768
8667 410
2039 8072
5541 274
2370 3919
3628 1264
314 2704
301 3758
4316 4203
652 4253
4589 1948
2032 5225
5296 1497
917 116
8677 190
7477 5410
340 585
7040 1100
2857 6105
4803 5948
7526 625
4670 3184
4803 9757
1934 5940
8666 9116
5757 9143
3404 1141
1512 1035
7336 5629
7498 408
4867 6322
8755 715
1373 3599
3560 6393
9430 3336
1599 9794
2712 8154
1453 7566
2047 8440
4815 762
1691 5266
7251 8265
898 7193
1358 454
1469 9689
7543 3265
9890 8064
1666 9752
2443 2067
1504 3485
667 1941
674 3759
4626 6388
3565 2674
3526 5371
6144 1600
2184 8419
1153 8303
5707 8516
6404 6723
3156 1600
851 5596
3031 198
9886 1896
1951 7267
714 8545
2157 1021
8038 2378
7498 2373
1014 5748
4638 5180
3303 5506
2010 4285
3900 2144
7609 1532
8296 2906
8165 1990
2097 7743
8568 7200
7272 6332
9684 6564
1456 1179
637 1550
5425 2778
1403 326
1460 232
5778 3282
7708 2123
6106 197
2357 1649
8614 3445
7169 194
8106 1435
9153 1796
7474 8191
30 386
8502 7262
8873 8278
6159 8050
8604 219
9483 8859
4670 6860
5718 1416
9271 8139
9711 655
7177 3202
2960 560
1655 5141
7658 2131
6457 8818
4632 7531
4547 3969
6022 3834
5764 7400
8834 4748
1839 7007
5187 6528
2523 4257
999 9331
9167 6692
1138 105
7753 1074
3254 8875
8876 4122
1806 3445
6095 6081
9926 7590
6788 6814
1248 7919
1487 7847
2085 506
659 6354
5032 9056
4543 1110
6534 335
9838 2423
4538 7383
7273 9598
7108 3491
2768 1642
1373 4685
7804 2601
1616 9836
2899 9557
3484 5557
4138 670
2167 3883
9084 1292
1381 3790
680 9535
2241 5743
2220 877
4368 5730
2115 3772
8821 3057
213 2028
7488 6783
661 6370
5730 980
1377 9881
2337 9955
2840 5893
8648 8080
2404 210
9668 8019
220 631
4719 3199
5739 2961
5384 1094
766 5880
6605 1467
7672 4965
1580 614
9703 1587
9442 6825
8124 6376
486 4261
2675 6976
9471 5997
9941 4092
88 3430
7328 4466
7256 8357
6634 6629
3729 8276
3824 8868
902 8937
1791 5504
6462 1446
6537 6965
9384 5647
1398 4676
6451 3248
837 1899
9264 9627
3973 4823
4216 1649
6593 89
7058 7655
6863 3514
7532 4793
2306 204
6068 3700
3247 6824
6935 4490
7647 4657
1646 2046
6859 4091
1828 1629
3854 385
4885 6208
6352 8567
6708 1470
4709 1064
3557 6628
6881 9520
6311 9785
2109 6327
1464 7536
9527 6384
1960 9355
9940 1328
6231 4177
5296 5439
8510 8514
6993 49
9878 2071
9113 2390
9742 544
481 8847
5644 508
1176 1459
7110 5105
1241 9885
2047 5788
5527 2547
2481 47
5202 4309
5375 8206
4900 5981
8696 186
6543 8568
4475 8789
1098 3177
8573 2002
8676 7728
6124 6394
5502 5960
48 4231
8127 5272
3319 1804
8492 6262
831 510
4556 8218
7999 3856
673 7258
3195 91
1985 7055
1134 1491
9640 5947
7070 603
5088 7114
7263 9401
1337 557
6627 7809
535 314
1929 2488
8620 3845
6871 9086
2319 3881
6939 8857
6110 1712
3120 6074
7681 1136
691 1628
574 8309
3859 1046
1471 9245
8011 2653
4194 4288
7569 3657
1106 2897
1210 5529
144 1428
3537 4061
2143 1098
32 7269
8744 1605
2655 8693
100 4330
4519 3124
9303 7691
1724 6884
8917 1482
9548 5599
8081 5412
4981 6757
8451 8802
6722 2169
8561 6047
2378 5341
5333 8642
3486 1163
9058 4562
6285 133
3363 2990
9597 6226
5877 9653
2665 9924
8945 1243
1428 8472
8270 3689
1269 9263
2201 1098
718 8889
2324 1788
6929 2777
845 4268
4055 8933
4342 3567
4341 4200
9240 4130
5134 7509
2690 7889
69 829
5176 2156
975 2290
8529 2557
4683 7727
725 3512
9359 1272
2230 8095
7656 3385
6969 7473
1323 4217
381 4196
222 2959
1613 6509
5335 3244
633 369
7623 7428
6113 4049
2200 6078
3887 9729
1005 5867
3412 7067
1041 136
3718 5320
4240 8580
2420 8419
8185 6975
1453 7386
403 7328
6467 5094
10 4342
6318 5965
4859 4722
5138 5730
7487 7963
3414 6596
4629 7343
8390 6215
845 8168
119 859
7747 6948
791 7328
371 7954
3101 3894
8886 5395
213 6597
3967 6954
396 8914
8836 4878
6057 522
6993 1310
1899 1594
254 7440
353 9929
7764 7756
2170 4701
6776 1469
7782 7855
1378 3139
4906 5379
8291 5185
6910 9477
1476 5245
4778 499
2460 7234
2009 2411
4789 5808
2627 1292
103 8613
4412 7842
8569 7612
1877 7738
1309 7835
6748 2632
1393 3155
9399 3321
1537 3580
7186 2859
717 9702
7103 2907
4477 8296
6559 2675
1633 6391
5690 4850
7790 3256
7792 9649
5627 7230
823 681
544 3366
8691 493
4518 5553
3149 1789
7386 5716
4859 3152
3790 4370
9044 8143
1167 6195
9835 8792
3284 7086
6902 4018
4458 8159
2596 2937
6309 2431
3541 2374
609 9777
3952 7565
4311 2525
6757 5755
2131 2812
5857 202
3336 1304
768 6349
1878 1774
7932 4450
1102 7163
3344 8680
9863 7285
1346 5352
4671 4276
3062 5936
9618 1497
3291 3408
3791 5960
6552 4472
7908 8798
988 1142
4826 570
6477 4709
1803 274
6280 7851
4218 2216
3360 8538
5749 1763
5904 2431
4228 7381
9218 8165
7075 7348
9579 6554
5432 9615
7353 8092
9926 2003
8707 1000
4276 4104
3328 1316
6439 1332
7959 7862
8451 3079
3788 1426
8018 4345
5783 7001
2408 9915
7572 8445
7236 556
6110 4517
84 2490
790 9359
6467 5150
9583 2089
6071 3539
8052 9619
7122 4527
8160 639
765 2457
5504 2227
102 3273
5374 5324
6100 832
4945 5982
207 1510
2740 9323
1906 7134
6983 6381
8881 907
1833 160
9601 2377
7565 7350
8263 1063
9723 8540
351 2751
2335 6726
5731 5636
6718 949
8878 4324
6655 8113
4703 540
2521 895
5122 6885
9007 7080
6054 9106
8550 5477
5398 2130
1131 3141
9032 4854
3139 2904
8628 5458
456 6074
7254 8469
3966 5318
6546 9224
4828 1997
4202 9605
3384 1984
7267 8631
9513 287
1024 3980
4943 4514
6222 9551
5420 3757
2755 4215
8235 4041
8165 5631
682 5693
7319 3203
8920 9933
8822 4065
4539 8462
796 602
2597 461
1479 7275
6877 9106
6048 6927
9406 2718
4293 494
6686 241
7515 1855
5263 8467
985 793
8948 7455
1648 3977
8260 6959
4884 3701
4902 7077
1333 2596
5077 7030
1437 1272
739 319
4769 3747
9675 4513
2975 1589
6903 7309
14 7653
9351 9991
5794 7560
1372 7509
6260 1017
776 306
7824 3773
3524 6625
4048 3509
6165 288
6423 2631
2002 524
3902 176
5594 6068
7859 7483
2082 3957
1708 1430
4966 310
6305 566
874 134
250 31
2906 5633
2964 3474
2047 166
7480 2286
541 575
7950 4147
67 8911
7689 6348
199 6988
3997 9147
3954 2853
5443 1856
2539 8407
4602 764
6101 4971
4099 1124
1512 2032
5082 10
7837 8893
467 1185
530 5523
9757 6624
5597 34
8992 2341
8633 1396
3125 5565
8290 3714
1593 5861
9065 2250
4996 4351
6964 1483
7501 1568
7250 5885
103 6912
9526 3820
7689 2405
6112 656
9500 4423
522 6574
8199 9854
8150 2389
896 6501
2125 4390
6374 9228
9194 3231
1258 1080
7412 34
1540 7494
9512 7006
8949 5724
9780 9632
6900 856
6604 6013
8750 8227
5264 8265
1543 530
6425 6499
2420 8048
5445 2549
6306 2137
2453 4495
1073 7026
4341 5265
370 3283
1487 1417
921 6001
6990 2523
3385 300
1743 7841
4079 1193
1513 5743
8327 405
3241 2005
5038 1537
5043 6765
980 4706
8789 3705
1586 735
4231 5494
8445 2173
9550 9652
5854 9165
811 5132
1041 4443
3375 6904
5974 2798
9448 6691
932 5459
6030 1705
5 4627
1749 2658
5830 6997
4718 6411
2168 2622
9280 8855
3295 7341
9421 1229
1965 9110
2161 1603
4067 4159
997 170
4379 8848
3292 6926
9261 6068
4336 1829
8032 5758
3802 1211
6591 697
9947 8228
7795 5568
7413 6077
2747 6362
7237 1864
6922 3282
5999 2528
2508 4717
1758 8041
5927 7620
5752 7625
4609 4235
2580 7582
6521 4154
1792 4308
2073 4657
752 8203
6756 1556
3360 3246
3246 3979
1246 9023
628 2681
231 2
1163 1329
9369 8210
6707 3713
810 2559
5799 215
8375 3150
6786 9822
4801 8114
4154 7676
2139 4359
2941 7805
344 1810
1535 4876
7344 3607
1352 1864
6802 2569
8992 830
3510 4572
3954 5282
5391 5312
4727 347
3133 7230
7915 3553
4864 9694
5017 173
143 3694
8012 5091
84 5810
1890 2591
3538 3803
7912 7855
8921 5818
9713 2768
425 0
5442 8493
1548 379
9129 912
4226 9188
7367 2461
822 5935
5456 2509
3989 4954
9232 514
1106 4646
2742 8916
8255 1234
4726 2318
8292 7931
116 8318
6777 6342
1781 298
5967 4838
1506 5358
5594 5675
4831 1675
10 1855
1028 9443
7782 5861
4410 3644
2116 311
1739 8956
6490 9268
3982 6616
7883 5222
2832 3052
4114 1651
6890 6740
4915 8364
8509 4302
4369 4006
6682 7105
1031 5062
1443 5674
7737 342
2495 5920
8626 155
687 528
9200 7481
9013 1207
1927 9365
6339 795
6087 8497
7522 3567
3153 447
1554 2758
4250 8786
8754 8216
3749 2985
5629 297
490 1297
6353 1248
4645 4122
1690 4156
3909 7192
2612 4562
380 9084
1103 5912
6773 2888
8200 5618
6706 1481
7895 5681
2128 8052
3569 2485
3754 3955
6672 6805
2012 607
9394 9862
8217 289
1615 6452
8562 8700
7027 5936
6 4006
1743 1025
9584 5343
135 1290
94 4452
5092 2423
7003 1590
7559 6485
670 6123
5187 1404
5926 7438
7859 5549
337 1008
1483 6739
5985 8506
1195 908
3290 6347
411 3151
8354 2592
8451 4219
6329 4937
9317 3961
2756 5388
2164 9259
5387 3002
4862 9152
6279 8849
5757 7337
8806 5076
9845 5964
1113 4858
3508 3068
6756 8144
2330 3706
9027 338
7732 4367
2463 1100
1501 9528
8144 9955
2733 8948
4519 694
2456 7821
910 3648
3788 581
9923 8341
5557 559
6527 4982
6276 9563
2650 2338
3025 1273
5194 6031
2021 2480
4037 9239
1190 4441
9577 9233
4076 8931
8714 663
5029 6808
6394 5156
6564 8643
8477 9240
3312 3036
2464 2306
1267 2781
4480 8914
9407 8832
5330 7785
9273 7313
633 5474
1002 6724
5574 8910
2148 8914
9886 2505
1029 8220
5874 133
8157 3988
525 4343
881 1394
1267 7549
2477 4201
2566 5997
375 9307
15 3773
2446 1180
2010 1282
1086 6031
5074 3651
3444 9387
5673 7324
3660 3021
142 7083
2098 1547
614 5579
9103 2483
7387 6552
5045 6092
7405 7066
6210 2787
252 5603
5640 2715
278 9047
203 1956
6353 7094
62 1623
7747 5439
9201 7656
2096 3487
1372 9804
2875 1930
9122 3095
8470 7983
3572 5961
6303 8196
4728 987
6381 3858
2417 3025
499 2659
7418 1259
5340 9087
6330 4903
9046 4219
9772 4655
7831 3030
7338 6345
8843 6048
5152 9962
1498 1177
7655 3182
7832 5277
9585 1107
1936 867
5792 5085
1771 6908
2097 2329
5613 3993
8806 7609
8232 849
569 4801
8 3916
1903 8448
6864 2093
23 1444
1101 9983
2497 6828
3512 2335
4742 6429
7015 2395
5470 4339
1686 1949
2218 9035
2858 9606
2418 3364
8002 6192
7083 4960
4476 7782
2570 5264
3778 3443
1320 5834
9562 1689
1067 7840
7217 1525
9997 176
2141 1494
7841 2554
6328 3298
6062 1333
414 8245
2639 2113
9546 5386
656 7482
6427 8013
7385 3952
3229 2209
5248 5832
8505 2553
7483 2400
228 2053
2686 1051
5483 1881
8755 2285
5821 746
9440 4658
3723 8427
542 9043
5322 4474
152 800
8701 6969
2771 9684
9043 9718
8310 1299
7198 8897
863 3015
633 8486
1524 8301
4552 1788
747 6864
8779 533
9550 3303
8656 4878
9431 5670
1822 2089
3056 1600
9017 5986
4606 1190
9086 6036
7311 6497
2564 9392
8694 7432
7786 752
2759 2198
4507 5655
5807 3184
5086 5943
8346 4269
417 9612
2069 7060
5717 2225
9922 2652
2747 5376
998 3519
8026 7672
7671 5629
9173 5539
6240 9726
9535 6910
170 9095
5386 2438
2619 6145
343 5626
9169 1728
1860 2534
674 3521
3261 3154
6065 2209
1826 4426
1198 6966
715 8182
5109 64
5395 2275
2677 1982
2223 2071
1689 831
7651 1756
9319 6974
9731 821
2891 5935
6262 838
1379 1686
6427 2362
8183 151
9697 1402
6688 8149
6037 9257
2877 2797
1103 3510
8326 5380
8997 6703
12 8095
8329 7746
5189 2139
8617 896
683 8170
3469 695
4236 8972
1227 1617
507 3524
8056 3542
5635 1700
9689 5178
8381 2309
4422 2131
1281 6345
3188 9410
3674 1523
7640 752
55 7204
9168 5042
2333 8568
3742 1709
9837 809
2163 816
5880 3775
1792 9832
5666 3030
7546 44
1018 391
4985 3
3548 9311
475 8613
4285 1685
5140 8403
6569 2975
2049 7811
700 1663
5000 8002
4378 1721
2235 9675
4677 5059
6213 2696
1093 3879
2290 1629
8795 7085
6220 7962
3823 581
3946 869
985 8007
809 3453
7933 6582
6418 9116
629 1926
1723 2674
6281 1474
5705 3275
344 388
427 6297
143 3999
2324 9213
27 4067
1977 1370
259 8924
6268 2549
4296 5400
3961 8712
5717 397
5469 4232
6669 998
4357 9483
3430 617
8104 4824
2170 8255
9501 9323
6044 3924
2862 8524
6093 173
8211 6242
7695 9441
8603 8159
2276 4857
4337 428
6493 8658
891 5480
2581 7688
9914 5024
391 3254
3453 127
9746 3240
7844 8352
3170 513
4839 2336
4221 1413
1305 348
7658 8011
607 2028
6050 5624
6552 6591
747 2533
5635 8858
742 2435
5828 1007
8420 2586
9809 4802
5738 5400
1969 20
894 8636
7683 8783
1941 965
9744 5971
3902 8526
3197 6611
9818 3033
7332 6942
5653 597
8379 7411
3831 1155
4412 1978
5460 8737
3729 2603
8649 9193
4355 1626
6960 3951
7632 8593
7078 3631
4126 6061
1329 3978
5790 4186
853 7895
3826 1885
615 1126
4607 2319
370 3080
88 7600
1681 3707
7484 7102
7290 705
4048 4989
6887 5664
1103 624
6078 6926
5468 8081
2607 2593
4605 7934
2269 9879
2518 9108
1721 1492
5524 4577
9180 8465
4927 7598
1170 7498
2930 5549
769 8727
514 904
7336 997
9631 3554
5686 2764
9668 5703
6010 3386
6046 5315
7482 8594
7543 9740
6205 4305
3601 544
4930 880
8652 5132
241 6447
2102 6694
4038 6455
9785 3597
1656 6267
9395 4193
176 224
4732 4344
7584 4466
6092 4688
7439 3587
689 9422
9074 1278
5346 7483
2587 4917
3095 5105
6355 9352
6611 2967
5121 1477
6632 1815
967 263
6149 9172
5207 2785
6317 8396
4517 6413
3676 9777
4472 3261
5847 7233
6476 3814
218 6933
7417 5712
2196 8629
9201 4115
1023 3843
5117 1322
9615 3279
1989 866
4140 482
6742 1094
7728 8460
6226 8902
4537 1355
1214 1501
4564 3995
6791 734
7254 8566
536 9423
5857 8560
5155 9416
1168 2475
5423 7918
7721 1916
6446 1201
6111 8246
8272 5738
8841 6880
6045 6851
137 1095
7827 8276
495 2280
9541 7781
5674 4646
1668 8294
5007 3961
50 9178
2453 746
3281 363
4814 3398
9976 719
1613 9636
1905 8930
5492 2206
2308 1501
5974 492
5863 1810
484 8092
9250 2569
4274 8336
2528 7280
9307 5640
3635 9191
7696 2531
9004 7689
9636 9605
445 9651
7603 9957
46 2824
2856 4733
1722 2106
500 9172
1628 9179
5173 1957
4358 7949
4801 7081
674 2961
4989 3383
659 7716
6522 3209
7666 5018
5814 1391
2405 9015
6162 9875
8174 6741
3758 3737
3222 4245
4512 6583
44 4631
8396 7827
2759 3103
5812 9227
2279 4628
8700 5950
4245 9337
7050 3523
1269 8493
4618 4128
4327 612
9550 2647
7614 1630
3131 7464
7973 8738
8992 7531
9105 2351
8868 1409
9038 2448
1586 170
3816 3201
6429 8307
2516 9424
1436 5117
1028 346
2205 6621
6908 7019
4064 1347
7218 1150
3560 371
5514 2733
6186 2186
1567 8152
7411 2923
7237 9501
4894 1749
9288 9537
7358 7167
7510 1357
328 9455
6775 9968
1292 9425
4762 4377
4494 2726
1684 586
5279 8654
3154 4156
5145 534
4339 559
9726 3253
5312 3020
5316 4540
8543 6121
4 8218
3494 7611
97 7820
6958 2244
6106 9296
1960 2375
9667 7811
8777 5164
7862 7494
6576 1721
7874 6240
9090 9720
1937 5032
6221 8086
926 5565
43 5376
7762 3354
8651 5907
1152 2401
2011 5363
1898 4740
4803 5945
4134 8534
9342 4507
1302 1041
6463 4921
415 7244
562 5727
2275 9866
1293 7794
5521 1665
7007 9667
4456 1757
7851 4744
7937 5202
983 5771
7108 3238
735 9115
6478 3874
1749 5406
471 2423
7413 4036
2842 9617
2112 296
3852 1111
6859 8792
6933 6727
8499 2985
6010 500
5421 1721
620 3591
3222 1540
2290 1245
9430 1156
3781 6483
8524 1823
2353 974
6254 8439
5415 2025
1853 7852
7429 1094
5937 8513
1490 1087
6657 3717
3232 1177
7917 9675
5089 3069
9466 2368
2873 1423
4479 7659
1616 6066
1415 7657
1579 545
958 7204
7967 1260
9286 4451
3107 5581
5459 5172
9552 2128
6688 5733
4581 9896
3041 2228
9585 6185
9667 6206
1938 952
1699 2234
2363 7685
6320 2892
7661 1192
1725 8501
6060 1167
1445 6086
1406 2082
4587 3308
9980 2593
4102 1759
622 7891
723 6555
2528 3619
5164 9861
218 445
825 2039
8584 8993
6671 5767
7762 9175
5444 1284
6515 3722
8429 3149
497 2627
1942 9930
7350 7818
3024 1689
6800 1993
4806 3388
9144 8642
7593 1769
2239 2262
1047 2247
2421 5779
6202 3373
8382 5275
8460 5285
194 9035
6187 3197
661 2677
4514 3918
281 8498
5106 2586
1755 1385
1368 4238
7614 7117
4440 1383
4034 7739
1017 7128
1734 6417
4489 5515
6443 6474
1035 3799
8135 1491
8194 962
4286 6671
7070 6619
4193 693
7848 4223
7919 851
398 1403
5694 5810
3487 1476
5432 9959
6070 6193
8424 9104
9720 853
975 8732
8428 5353
3730 1921
3772 1109
1411 797
5518 8475
1921 276
6277 5229
3692 3068
1342 5188
1324 8532
2819 4757
3912 5441
5459 2504
7340 2942
9305 3526
4199 6984
4277 7578
6091 9891
8081 4392
2497 4670
767 5173
5875 1258
4035 4174
4036 2460
3107 2231
2017 1689
9135 6649
4602 2447
3436 7138
2914 9617
7577 6531
2135 5143
7213 6111
55 4187
3818 7046
7342 7972
4870 8721
4189 3010
5066 4023
4336 2426
1287 2717
1016 5357
6666 1429
4741 8215
5398 270
2524 7870
861 2806
1221 8866
9789 7376
4491 7867
9517 2474
3396 8274
9337 9143
9033 4723
9155 7682
2087 5342
5388 9303
52 6666
5485 539
1989 1736
1741 7310
4817 7342
6863 2455
5549 17
4013 1350
2310 2125
6789 5704
214 7665
5140 16
1073 947
851 9685
7974 5329
9919 6516
7666 2561
8736 909
6113 8197
1236 7229
5246 266
825 2750
1316 9434
1350 6021
9370 3516
7544 1708
7775 7210
2704 1238
2235 1595
1625 7276
3711 5485
534 4122
2580 6433
9866 5550
8989 8998
7652 2548
2218 7005
1054 2594
5144 6933
9952 8476
8339 5642
9534 7080
5396 4179
829 2412
173 1941
9396 9323
2512 2344
2342 2670
5865 3181
5394 7413
2917 52
1449 3800
5400 2203
8935 824
219 1305
1891 1040
379 3010
8045 1127
5586 7588
8857 2235
6574 1538
3471 1866
8617 4183
5453 1805
1543 1376
7681 9389
5073 6248
6995 5075
1271 1404
8924 6221
149 5859
1461 6823
2372 5486
9745 325
192 5430
7278 2957
7164 1925
1769 883
2235 3800
8353 3642
2129 6640
9392 5997
4743 5913
3667 1244
6488 2744
1320 1964
6193 7337
9646 5259
5238 7217
8834 5
8709 4675
3264 7613
3389 605
1424 9520
2904 4653
8983 9394
6949 2726
6261 8922
6093 1887
4750 733
7289 9719
6721 83
8947 8687
4119 1025
3936 8792
9812 8207
2744 8495
6217 1707
5190 8755
960 7011
7817 4722
7514 5514
1049 8749
7097 2561
6481 446
7450 9978
5633 8420
8802 864
2203 147
4778 664
6370 5080
3025 7373
1552 1811
6685 8151
6544 145
1970 3610
9049 960
8033 2009
739 872
3780 168
7062 7926
1201 8973
1972 294
8763 6220
6311 2614
2668 417
7259 1853
4658 9879
2040 1291
2987 4018
9923 6675
6350 5656
779 6523
6854 5210
3598 3389
4034 2161
2181 5785
2119 1265
3568 6609
1966 2461
2053 4278
1063 5622
4268 1928
8428 9734
3222 7034
1814 3786
9064 1752
9066 2202
380 3549
1439 3921
5695 1501
340 4446
1063 5539
8554 8410
631 9537
5755 5836
7853 6761
9921 9631
4643 9029
3900 8110
8993 892
9316 1635
8968 8000
8160 3924
1791 8687
1475 8810
7137 1913
3796 9010
7815 2139
7230 5522
7411 1072
6093 6992
1479 662
8662 9348
1353 6700
3703 6121
3671 3685
6644 839
3130 2320
4742 4210
2146 9254
3338 5789
985 5003
1343 7780
5879 6738
2639 1267
2193 5791
2015 3745
5572 1095
7847 5233
316 6615
773 2051
8136 5215
3320 2685
6310 9744
2998 5303
5143 9854
2862 1552
2644 972
4679 2623
1891 556
7646 6781
3441 6411
2853 1080
8743 6612
5811 2984
2574 269
1117 3036
9235 4258
3867 2016
1764 5128
185 2159
7674 8526
2568 6346
4933 2608
1348 7032
1822 2697
2892 7840
9198 5466
1017 1150
625 4739
2030 4626
9348 1745
6584 4468
7609 8565
6724 1685
4009 1454
3858 1357
5967 2282
8890 1202
7476 3605
7506 4441
4839 6786
7384 2690
3233 6391
1985 505
6812 4747
8212 2969
3125 6032
2098 5052
9865 4865
9789 8097
8831 7069
7420 2189
9444 2654
6036 3478
1166 4703
4072 5452
6674 2656
5137 5899
3347 9672
4309 2864
2239 4887
4438 4375
427 7938
7338 1746
9173 1632
4874 1219
3281 141
7346 8345
4094 4608
3817 5769
2611 2007
575 2293
710 4652
1305 51
5837 1157
9613 9116
9489 2382
1330 447
3499 7632
6144 3131
1899 774
8790 9019
2900 4195
7638 5142
3553 7628
9810 4229
5235 6979
4075 7132
3520 7787
8814 8510
2722 2052
5367 7318
8799 3434
656 1884
1394 5101
7113 2192
972 1489
2267 5802
4498 8121
3686 605
1883 1860
2743 8563
8179 9217
7477 9306
2705 4360
6195 970
2829 8927
3795 2696
9739 447
868 7399
3345 8467
4684 1847
5286 866
9946 1104
3378 6170
5637 4386
5251 4740
3569 6489
9081 2594
6758 5321
4598 2876
9747 7900
707 944
8509 2100
2305 345
2651 3716
8164 1213
6371 2189
7532 3283
8703 3563
6106 9638
2256 8851
9165 7137
9928 9278
2386 1888
968 3309
4873 5274
9688 5020
7714 9849
653 5093
1369 714
7831 6655
386 9408
9988 2160
6363 2095
7638 4286
518 3502
2605 7990
5094 4439
3378 8987
5487 8
2225 6883
1308 3552
149 7137
8158 5530
4439 5637
3912 9201
466 49
1353 1720
1963 1732
7000 4088
1454 6246
2936 9780
3277 2963
1074 8236
7702 1225
2590 1371
2954 5743
2104 7600
260 9849
384 7686
2698 2090
4568 4115
6839 2969
9813 9397
3482 1416
7854 3342
8169 4887
956 8627
7797 2096
8332 6328
6145 2384
3620 4066
8648 5068
345 4599
3069 1218
1231 1381
247 5518
2849 5511
4383 9129
6872 4600
4349 2747
3904 4594
8633 1979
6203 18
6130 886
4666 1028
3095 9639
9767 1547
648 1666
3989 5161
8310 6718
1573 7040
8829 3078
3145 2422
7211 4711
9350 3762
7437 574
552 7104
8692 73
6030 2056
2401 1999
1063 8085
7938 952
6261 1542
589 6739
3106 4418
7948 5981
8008 450
6636 173
7500 2855
1672 6679
2567 9761
3151 7999
3618 9104
6426 2505
6281 8208
1036 9726
5075 4995
3979 7832
4051 8227
3185 4205
5417 935
7860 6045
8399 4445
1557 8294
63 6564
3567 8323
8646 4214
509 4209
2721 2263
8284 6164
6836 6220
3989 3842
224 3772
1207 9806
5351 54
8990 2375
9062 5022
3382 881
4646 2763
7925 4416
2636 6740
9844 3718
2665 7951
6060 3872
670 5537
2947 8723
8842 283
1831 2974
9360 4322
9069 5497
3644 835
3319 6730
5979 8741
6539 1863
4370 1733
7006 4364
9127 8317
2454 4947
965 6082
4967 3282
2384 1316
1323 3097
1939 4403
8203 5692
224 3838
3703 5994
901 5288
5641 1609
4067 356
8810 4528
9228 3045
4820 9448
1099 749
1714 423
3924 1848
2696 5902
3204 966
2694 6837
1490 9639
4279 4962
5425 8491
6240 8715
5906 5179
187 2371
565 1561
5593 1818
6604 8209
3232 7064
532 1381
8490 6566
3185 1080
2240 5137
7806 372
1344 7194
5206 725
2617 3690
5231 7886
3420 1860
7620 405
7029 7691
3132 6888
7285 6376
7911 4095
4408 88
431 4847
9248 584
6114 2200
751 3245
5750 6080
8240 7744
8209 4981
4989 9180
7557 6145
6978 9953
4585 684
3771 8954
8765 5985
2656 9942
5835 5706
6358 3019
8080 4757
5454 8778
1343 1762
7368 7965
7011 1928
1040 5619
5202 6779
2872 5906
6884 824
8110 7219
8292 1094
2172 1943
2112 8563
1018 2267
8778 7865
4623 7532
9015 927
8032 7150
8765 8912
7073 8665
6451 2413
4084 5960
3834 1394
6954 2736
888 9538
1928 2521
4270 7617
3208 2380
5470 2222
4514 3883
9183 757
6126 5236
1967 2148
6278 798
9544 2615
3465 9110
8263 2095
3945 4693
5794 3918
6542 5708
2122 2254
2997 4418
9312 513
2013 386
3246 4623
3061 1652
757 9924
5325 6598
3312 8956
7262 8371
3335 2736
4898 8546
7066 652
8339 4070
6806 350
1240 803
5248 4540
2575 6111
5935 945
1251 3248
7498 6862
3258 444
2926 736
6975 339
1539 5325
1968 3765
1057 6193
8343 2305
2357 3368
7210 4354
5547 962
2041 1166
2581 2627
8602 500
6235 9893
6655 2653
2391 6240
8395 5914
9157 6686
1678 8488
7245 2515
5294 7195
4894 805
1073 5655
5739 7873
7191 9361
4729 6934
6381 8800
8541 8948
1251 9577
9714 3705
4265 7456
2511 7344
5676 4500
1411 3863
5874 1334
1448 2449
7141 6892
8298 4211
660 6579
9241 4630
4371 922
1101 4806
1398 8419
5201 3232
7378 582
8227 1311
8730 6452
4556 8198
7304 1737
138 3717
3540 5245
45 4340
1326 7412
7670 2182
3290 1915
6999 1994
1527 4419
1590 8163
6214 1905
9512 8633
4985 2615
6581 2550
5005 63
100 5801
9400 2856
5371 3058
4491 4845
1041 835
1119 8551
8991 4766
2683 1209
798 5606
8119 1562
2705 8728
8569 5537
6078 7289
2618 1709
845 1537
8340 8647
2825 6127
1998 7729
4552 5743
1617 842
94 3555
3711 9201
3965 8458
1170 94
1761 7316
301 6529
9446 3581
3733 9993
1609 5850
1651 8532
1126 6062
2607 9736
2382 6897
2905 3157
4699 6536
5336 6652
7739 8641
1291 725
2788 6801
5842 5225
1434 7949
9219 2596
2541 2395
5587 5890
465 1633
1231 6225
482 8190
3658 5258
2211 4811
1072 3347
1327 2791
7454 93
9393 126
1649 3581
2464 5928
2404 6573
6240 4532
1628 8277
2289 202
5545 1013
9116 6468
9963 9795
4322 893
4281 4308
8948 2770
2136 9436
2900 7219
7307 3377
8121 7641
5891 9011
5721 2874
2406 2360
257 1384
7591 1188
6402 1855
864 317
1684 3938
4825 1177
5464 6958
2016 378
1338 2652
1193 4429
234 9584
4529 8658
6327 3174
3494 3499
3781 4494
9383 6892
6895 714
7 6951
2173 340
1872 7610
9938 8284
7795 9714
6303 81
4707 9674
232 853
26 9341
4322 553
144 5258
2378 8766
624 2624
1900 237
8259 7187
7219 2021
6771 9203
8157 1232
9200 2186
4989 1040
7538 4451
2189 1001
8814 7255
6904 4433
5415 5972
5740 6151
9931 6895
5665 9895
5673 2749
3830 4908
7028 7431
9941 1009
5239 7906
5860 5468
2094 4962
5594 4398
9405 3527
8044 8591
1097 894
4738 4968
2519 6904
5241 2227
5515 4459
4316 3788
3723 5475
7359 8677
1215 3438
8656 2357
6679 1035
828 6576
1784 6797
934 615
8206 322
6208 1548
4156 2755
7536 5784
1492 1044
388 7216
1592 3234
3023 9413
6541 8734
455 7075
2188 959
9064 2492
4594 116
5409 3445
3660 175
9526 2607
2666 1771
4135 3923
5357 2178
8441 866
864 2542
7235 7689
5931 1218
4128 6407
5351 1237
6206 2679
7157 5687
4520 1274
3624 3003
9364 325
642 3061
4770 2268
968 1134
6691 675
3445 126
8244 1490
6933 1871
5876 5577
9373 5261
398 1694
8066 8019
5112 1744
867 9398
3253 3081
643 7249
2035 8513
1492 9507
483 6008
3523 9682
8321 1040
7470 3043
2619 5137
9918 7516
9352 9858
290 2156
1163 8399
2056 3818
4478 7569
3900 2124
1146 1267
1982 5046
1251 214
9732 6275
2593 3675
4659 6702
6420 5155
4010 6230
4884 2723
6720 1520
4745 417
8436 8634
6175 8629
5833 8008
103 8820
7144 2747
6190 2621
7886 8281
3340 217
271 7295
1908 9630
8161 7801
5192 2981
3802 4929
474 2449
3701 9474
3170 6952
8330 3055
70 693
5684 2435
9051 2291
4556 2864
1257 5677
832 713
8664 8678
5543 5352
6884 1671
8959 9373
4563 2606
6797 1548
9695 1496
3908 4987
8693 7302
5871 942
2355 4645
9039 2495
9653 1825
8710 2927
4095 3488
1666 1339
541 5571
9373 1485
8089 2113
2527 1365
8494 9169
7105 122
512 4934
2616 5219
2192 1890
1721 7764
197 2290
5556 9912
3191 2171
9709 6098
5648 2541
4552 2711
1859 8999
4802 5588
969 6703
7165 6191
9443 1487
6366 2942
5762 3438
704 8114
3034 8189
5153 3384
93 1635
6039 4425
3295 7893
7957 9935
653 8299
6482 8165
1238 9661
9023 1954
1390 5710
4492 911
5589 2646
9290 2836
5938 2800
5136 2399
9081 119
2973 2064
8965 6892
6291 3779
6548 8921
2473 6399
9810 5200
9448 4591
3014 842
9537 355
99 2835
1726 5045
4688 9413
890 3661
867 3334
2935 354
6693 8646
7829 777
8615 9563
6031 4820
8026 545
9805 155
392 2201
2133 6890
1106 1189
1371 2191
4409 9065
8314 1676
7451 5603
7564 5355
798 9869
1666 5044
9030 4557
8212 5349
2953 9043
4437 9632
9614 643
7888 270
7312 8921
5444 6289
5153 4712
5394 490
4826 3284
394 7435
5850 390
7700 570
863 2357
40 317
4983 5084
146 1549
3538 2014
4600 3857
6148 9685
6645 4665
5914 9497
8662 2027
3289 8012
1095 3759
9507 1661
9096 6970
8669 1081
1068 9122
5526 6348
3451 803
1930 8965
2722 5084
2353 4132
4612 6686
2041 3505
4612 6743
874 7043
3301 1355
4913 3049
2715 2134
3176 9342
1162 1251
4869 2032
4970 9688
2449 2519
5070 7457
6831 3072
879 3289
2402 7263
6483 5326
9116 6065
3398 4305
1749 3648
5869 6162
3461 4374
345 148
3747 4909
1097 9260
2991 5730
2551 3652
4169 1601
895 6477
4055 5178
2627 3435
970 2245
6136 3309
4320 8377
7685 2321
1290 4834
8482 2496
8089 9129
7143 7815
8472 4230
4555 765
4527 28
30 2339
9793 2221
238 7614
7550 7335
6275 4425
821 6122
1725 9405
2004 9588
2455 7385
1584 6185
8253 3811
9222 2590
9343 1235
5028 1066
9416 1855
7776 8134
1154 3157
4390 3063
8013 4173
6985 9727
3209 639
8996 5998
858 1486
6101 1433
5763 8806
6825 1175
8983 3263
1320 9848
6250 9215
426 2009
252 3864
3991 309
8283 1769
2365 6247
1366 3014
6066 7900
654 2544
3564 4098
5063 2658
6267 1006
1508 7516
1633 7797
1158 3102
1792 4131
4699 2195
7640 8771
8313 4450
4000 4944
6854 2693
3005 98
6897 3466
6995 9989
595 6089
3011 2707
8095 6815
651 768
3888 7160
8274 3021
4723 3591
7627 1256
5680 6090
673 3126
4317 2053
8815 8563
9831 7615
6018 229
7895 9495
465 9491
1946 6077
3475 4773
2083 9717
4207 2994
7404 3008
5583 2789
6310 8548
8768 9628
9403 5676
9486 281
5662 5896
6253 4741
8793 8160
450 2914
4335 2000
8433 9724
66 23
3204 532
2468 4052
7616 8096
7944 7499
8358 2024
2009 9802
9191 246
234 2894
6153 4416
6433 5988
5396 2409
2849 355
2994 1720
5649 6513
6899 2137
7242 9838
8095 3654
4753 7146
51 6302
3380 241
5193 1849
1824 2738
8597 5010
66 9625
4855 1464
177 5889
1052 1406
9721 4616
7998 8102
7957 1039
4807 767
521 4605
3383 6786
7752 8796
4720 5974
202 8011
644 7909
762 9062
6265 2869
1097 2152
2963 6327
9892 7172
9288 8618
1895 6850
1918 3578
4067 2677
683 7788
19 5030
268 1551
5885 2351
6099 8064
741 1984
8605 9280
9427 2956
1654 906
6907 1150
4419 7347
2501 7737
215 3521
3236 6273
6085 3099
9012 3770
6005 2420
1698 7302
6511 6858
1340 260
7156 6116
4860 3272
7852 9559
1745 7692
8257 8790
3069 7
6354 151
4376 3495
2430 6494
7913 354
2259 3362
1744 214
3515 4786
1822 9237
7532 6742
222 4665
6581 1803
8263 7388
7579 5773
4464 4560
3609 6016
9307 966
2468 6571
1353 3909
259 509
7628 2645
1529 41
7901 8684
2763 2060
2495 279
3624 5294
2549 6811
2645 6619
4188 4241
6320 6698
4880 5628
963 5747
4566 1754
9650 1876
5949 9227
2061 5582
5466 4955
2642 2241
5349 2190
707 9543
6126 8121
5504 39
573 8723
3797 7421
4482 9221
259 2858
8661 9292
2066 8198
4717 8950
4133 1392
7374 483
3003 2637
9268 7945
1991 3590
5870 6200
9427 5133
8194 3773
455 3022
3227 3209
8065 3654
4070 1035
3229 980
3703 9190
8246 8945
389 6305
2564 5566
1521 2259
5663 7956
2725 9447
5308 6688
706 831
1186 7627
7251 9266
6182 9720
8907 1088
9202 5669
5404 3867
3944 6767
7361 2512
1012 8925
5285 280
6473 7678
9282 7154
2195 4871
5364 1689
1518 3112
553 3121
2278 7330
4921 7177
5269 4587
9923 2278
2225 8092
9549 9071
456 2129
906 5545
8675 1666
8951 1732
6729 8898
2698 4091
3247 4847
7020 2381
8883 644
25 1978
7493 8221
5901 1104
7950 3823
812 1937
642 6454
5105 9632
1236 6262
5064 1504
5276 3284
1235 374
7392 458
7721 4
5192 7480
598 8088
544 8813
3193 4321
5660 6870
7959 3501
3800 5377
27 6003
9229 8874
9280 8468
2409 9027
7252 1014
8887 8030
5054 1401
1860 1478
848 2611
3981 9414
9299 2546
2836 6124
6359 7854
4099 9665
9164 1220
2810 629
8252 2288
4029 3295
6819 2901
2207 2032
7112 1626
6076 2746
9173 1636
1179 5599
4177 5956
5744 2658
2176 9428
5887 7286
4195 3834
5852 1129
661 6594
7082 5478
87 5526
2346 1329
8305 7414
970 1400
2663 5531
1906 6860
9883 611
1278 8208
4807 2094
648 7347
1349 6807
3021 1528
1919 4301
772 1142
4976 815
9143 6487
6814 2321
7207 6098
7397 3667
9458 1150
2463 7391
8242 2397
9322 6714
5735 8128
3752 6633
5667 3443
2011 7152
2439 8739
7576 2078
7201 6637
3853 5010
853 7507
4721 7288
8450 4397
5280 3255
545 5357
3445 5420
9909 2280
5469 1045
238 8697
4256 3196
7957 6262
6885 2872
7221 8870
9757 3543
1982 5448
424 1934
8951 1366
8466 8597
1633 2842
4529 6628
7520 1535
2000 1388
2991 9252
1063 3556
5350 6687
705 8959
1480 9258
7310 774
9787 2535
8197 3085
3215 8001
8118 2598
3373 1552
7708 2430
3579 6178
2475 4178
3014 8938
3977 7845
381 3109
226 2457
2061 619
2488 4651
5920 2933
7697 375
5749 9320
2086 8647
271 4539
6212 8549
618 8844
6020 8522
2378 6202
5064 9007
7306 262
4681 8129
7923 2857
4614 2039
697 760
2908 9014
5000 5916
9985 7277
2825 3337
75 1730
1011 6211
1510 2366
379 2999
9207 7393
1841 5613
1316 302
5557 5483
565 9128
5499 6242
1724 9302
2003 3580
1955 4346
3706 9432
4729 2564
3615 4895
4728 4612
4564 3983
9430 2706
8913 7203
4218 5888
8128 6929
5007 2730
577 5247
5849 8516
1484 7453
9355 109
3293 1757
1848 6495
2746 67
15 6176
8369 3283
841 7588
1324 1413
154 939
2905 6393
227 6091
2041 802
1303 9814
4511 7486
5901 1977
8287 4958
8380 1337
616 5256
5951 9324
6865 9764
2542 3534
9446 3992
7122 4505
176 192
8013 5603
6682 7250
5870 871
3956 4929
5666 562
2701 797
4 8748
4046 899
2740 7642
3813 1936
2628 252
9305 292
6538 8913
6854 9806
1742 5536
4045 7369
9332 4094
6685 2664
3697 4964
5516 686
3863 62
2597 1061
7979 4397
8156 8922
2222 7471
5922 9711
1385 4704
1798 1546
2079 6532
2711 1399
5094 3323
8803 4275
9048 2059
1463 4495
5717 35
4088 3722
274 8886
983 7597
5257 2498
4055 1895
6915 5358
6544 7164
6732 7208
5655 3243
2307 546
2326 9501
5951 9604
9907 8683
2400 1227
9984 3585
626 2384
1074 593
4037 9233
610 1472
9491 4640
8127 1415
7208 3004
8476 164
7094 4758
9598 3235
671 1194
2034 5512
8082 1362
5760 2646
470 3272
6100 2518
3802 784
3597 442
2908 3241
3565 2724
7796 8736
6340 5528
9333 7591
9391 2469
7579 3445
9155 1961
3689 6971
2447 5346
9174 7442
6032 9117
7410 9802
8537 86
5629 333
2820 2235
7711 7445
4043 4830
3972 714
7610 2100
2597 9616
3530 7903
9986 7373
1121 5221
3722 7998
9657 1121
1912 6391
7201 873
4908 4058
8134 6827
7634 6910
8397 8609
9574 2779
2205 1325
8506 2822
4890 8813
9373 5059
3870 3721
1113 1430
781 1410
3434 8791
1265 1161
4584 5851
8695 6046
490 9215
3379 6712
8029 4409
4021 3712
9925 115
9232 3634
8572 8095
9627 1486
2344 7065
7180 8923
6128 6824
7461 1507
8561 3808
1435 1080
6020 1477
1210 8137
4755 2849
409 1003
28 5819
9103 5360
1579 7496
2276 473
6344 2039
1764 4065
29 410
3425 5945
7975 7241
665 1858
683 1904
1984 9924
3426 9707
9474 462
4149 2473
243 1622
5216 9370
4325 1195
2108 7360
3360 3992
2369 7566
819 4779
8479 7033
1907 4513
5198 8227
2245 1395
6135 9101
9606 5718
6234 6075
6713 10
2644 1
465 5011
180 6846
1629 4214
2156 9316
3849 8086
9422 1746
3720 2757
2363 8818
9575 7783
6884 7804
7009 2728
2643 1366
8650 5459
563 5814
4645 5280
7284 1741
7394 9359
8193 814
6996 2781
985 141
5531 8401
6968 9060
6976 9717
9417 2046
8263 7892
3264 5856
3798 4430
1003 3514
2799 7893
4761 8796
6253 8443
3733 1173
3916 747
6444 4624
6588 5077
8154 1008
2299 4012
6699 6457
2817 2744
4913 7392
223 8719
1254 1970
9947 7060
3996 5847
6156 743
5552 1820
8556 8721
5180 1714
567 8084
4353 7952
6144 7414
3528 260
2926 5743
4222 1671
7510 8737
2732 1016
4273 352
7232 7598
1287 5457
1337 294
480 5162
4657 9093
4298 6236
7886 1180
2761 8174
793 8487
9896 1469
38 8951
6610 3396
9059 8759
273 2730
1516 2391
2427 7393
7030 9433
4911 9819
1952 3178
4091 9596
485 1755
7485 8160
1189 7327
795 2340
3013 1928
574 3192
9234 4220
4654 5744
8506 2564
2672 2346
4064 6469
3262 7883
398 7726
4723 5708
1699 3534
1277 5923
5360 5578
3391 2570
264 3996
2614 877
6035 300
9396 7753
7424 8686
471 541
5460 3166
6458 572
5163 5377
1320 8833
2085 3506
4804 1274
8419 2027
117 4998
9377 6037
5780 132
3364 6049
1044 286
6023 1953
4393 1828
6760 3825
665 7284
3358 5288
4643 2981
987 2861
7709 1777
7984 4129
8817 29
5803 6484
7428 2192
5465 7703
2457 8557
3498 4435
1017 1589
4142 2165
6544 222
5237 6593
8409 1679
4014 578
7047 512
2464 9840
3960 8907
3448 9421
603 847
608 1909
1051 3541
9862 3159
6945 6466
5062 43
5118 2009
2701 3625
867 5877
1149 34
4524 2861
1469 2552
6445 3920
1914 9945
3712 2481
514 8308
3580 5191
5438 6008
4789 2368
4412 1311
6809 7837
2751 8156
812 2206
3467 8718
3641 8781
3094 5440
3027 2800
3679 9966
9643 2095
3640 2888
8252 2643
3450 7721
6893 4347
427 9807
1785 5432
5956 6307
8101 3698
4335 6774
3211 7354
7666 1701
9643 7054
1054 2964
1726 1356
3602 5134
4717 2057
8876 6634
979 6828
438 923
951 3271
4322 2584
5601 1237
5253 8623
8145 5978
7883 5518
9539 7150
438 6523
2144 1409
4229 7151
1625 135
5340 6690
5461 5106
8070 5236
5712 5908
9119 3641
4654 1200
629 8009
1909 4492
5291 6744
2754 9201
7309 1180
1900 9180
4695 9007
1219 688
8746 8033
3064 2493
2452 8512
2481 673
3059 8225
8378 5269
1051 704
941 1042
1470 8616
8488 4426
201 5482
9007 7707
6827 4949
2815 5547
6180 2985
9895 782
2722 4494
9575 5217
5182 8033
2103 9091
5977 3991
9784 3731
17 7720
4015 7214
4809 2415
6313 3700
1885 4888
5251 3969
3725 7955
1376 103
1180 3071
5240 8487
2883 2587
1260 2384
6009 6239
1918 2202
2034 860
8390 1864
2033 1082
1032 578
3370 1814
2921 9493
5077 4112
8322 3049
3902 1266
2637 132
9892 4665
5581 421
9033 1078
1409 8734
4092 9354
785 8292
6738 9870
1989 1981
5942 5194
3181 9043
8490 849
1816 2420
597 4771
9097 8145
8020 2036
5446 7437
6437 6720
4972 5784
1276 358
5422 6296
9737 5477
6052 9924
1444 5376
1569 9832
6677 788
5691 5881
1811 9039
296 2068
9322 7580
4174 6729
2583 2898
4618 7256
4387 8970
4273 4688
14 7984
8038 7762
1025 2397
6336 7796
7805 7210
226 5684
1998 9374
2284 2496
8040 4756
8850 5316
5446 4039
4186 9949
9936 887
4303 9342
2317 1938
7295 4289
7037 5918
9959 341
4403 2548
1519 735
3320 2374
5936 3237
4665 480
2403 7339
4965 6313
7309 6934
8760 885
5489 1546
7188 204
6302 9657
4403 9692
7428 9876
8895 6053
1224 7446
4095 8060
9974 1846
8557 2270
1556 711
6899 9954
9527 6996
6211 6420
8693 1753
4063 3954
1248 2302
5599 6675
4524 365
5365 7093
8243 6559
7981 7457
6750 4241
2696 7389
1344 7911
4389 2693
4819 9755
4833 1662
1176 642
2937 4957
5361 2492
2832 9864
7579 3909
1193 8840
530 918
5525 7008
119 350
9758 3594
6337 4862
2259 2545
6530 2758
1987 9383
1111 9314
1290 5787
5043 5583
2141 4513
4549 1936
465 7705
7405 3419
291 6865
3529 1432
2975 1402
1925 7079
2764 2323
205 2423
2610 6321
7705 1119
1139 2474
697 8991
4090 4991
1178 8947
1127 3763
3917 3527
7359 1203
9372 4931
3373 3626
4843 6543
6951 7479
1029 5170
3064 6987
680 699
6403 9523
9990 4774
4703 9269
5950 138
9428 3796
9806 452
3038 4091
464 2459
2285 6554
3392 3450
5678 3623
669 4318
8920 6002
1604 1177
883 4244
2200 9068
6837 6509
857 3637
298 4243
9665 8622
5729 1970
5193 7944
6865 4052
1606 5668
1783 6281
3410 3795
2747 1302
2084 115
4264 8513
774 1472
8432 9001
2394 2031
5483 5194
5186 2982
6926 9034
3976 978
874 62
8407 4639
3584 6596
4100 6300
768 918
9097 3382
8732 9956
591 9953
594 7337
6929 7792
6538 5025
2688 5831
8912 4275
207 7902
1123 9682
1436 5482
2203 7716
7930 794
8328 1844
7895 6472
1927 4553
4160 527
8090 8369
9795 1600
2205 1129
2497 7234
6327 8789
469 1234
7613 3231
3332 8853
5264 9395
9477 2161
5428 7049
1820 7570
989 4313
2277 7280
6317 2058
8028 3365
1120 9717
2644 111
4541 6548
1168 2255
1999 8397
2462 5207
8757 2326
8778 4422
4801 1320
4873 7246
6805 9273
9401 5953
2845 1233
4182 8795
1 1859
1395 2623
5649 1575
819 2891
815 1045
9583 5133
825 1890
5816 924
1750 2604
9259 246
2712 230
7586 1487
8191 841
2949 2284
7161 1456
2656 5607
180 393
1761 4387
5351 8684
7022 2949
8155 5619
1196 6277
3150 8935
9787 535
9907 1440
5980 92
3362 8066
9688 3521
9215 1759
8773 1040
8589 8237
7164 196
9058 7651
2353 109
6971 2960
9924 3955
7605 9283
7947 8688
2389 1912
2969 3477
6008 1444
4184 5860
8646 6712
8132 2052
652 8359
7225 975
2082 4767
2055 7873
9986 7182
9344 1054
7554 3481
7530 8555
2440 7376
278 5186
5032 7598
2688 9853
2284 1554
7607 3731
763 5219
4749 1983
2730 2217
1602 7286
122 4179
8239 1844
1311 544
4033 2168
2761 6498
5497 1144
2618 3249
2661 2266
640 7167
70 1511
2115 1491
8480 3555
520 1493
6248 4425
7910 8457
4782 6680
2118 1232
5365 7057
9754 2847
5126 2669
5781 9886
4361 2318
7557 6576
5294 697
9073 1733
6656 6502
6650 1761
298 2234
9031 8919
6993 9465
9797 5763
9823 2308
1157 7851
9646 212
9810 2759
907 7140
107 1462
2308 1652
592 2276
5181 2155
6040 4035
8875 172
8184 3648
7820 4802
7710 2517
6222 8935
4225 829
3822 1597
22 3134
2177 6980
4345 4188
2612 1066
3387 8980
4092 6009
7283 8817
2279 906
7544 9527
8029 5750
5698 9224
4303 8881
6584 7236
8058 3645
3714 6673
680 7336
3485 574
4470 9240
3996 7366
5513 4208
2486 1825
429 144
7111 998
580 8262
2667 5285
303 3762
3173 4115
9806 4687
3212 9661
8728 3379
241 1555
7250 3220
4931 9145
152 7848
547 3311
6149 5
5654 9315
4143 3330
1782 8854
8111 9213
9100 8327
3986 935
2964 7496
4574 566
8221 6310
4884 4127
6929 62
8880 2760
8049 1139
7721 8174
5235 6591
9551 8940
1444 5172
170 1044
1375 5979
3084 1337
6526 70
3337 2972
2425 6562
5655 7454
860 874
8055 3626
1902 331
498 9287
9597 1552
565 9026
3219 9789
9245 9633
8707 7512
3864 6054
9284 9516
3285 9260
6012 9093
3635 7324
5596 9283
1364 6109
5129 1439
9108 8588
9968 2973
7207 7037
9409 8096
5255 956
7424 9043
5563 521
7685 7163
7147 6246
1736 4624
2224 8514
8924 1155
8895 4876
3209 9962
2967 5419
3648 3260
9333 1932
9852 466
3696 66
389 7337
9392 722
9152 1273
1790 943
602 3809
7904 2340
2726 2786
7448 4448
6934 6400
6927 1030
9903 8136
1310 9634
9335 1533
4899 1092
2510 526
4829 7787
8512 238
9311 6827
9159 1407
5246 4517
8299 2614
3359 5717
7393 3496
2228 3314
325 7694
1506 4620
5325 2444
2960 2825
956 309
9623 9707
5579 7196
7822 2208
57 3244
7911 6754
435 6248
4517 8536
1920 370
5613 9504
3110 9804
3868 8415
9680 3979
200 1775
3034 3991
2978 7192
2028 9119
6664 7626
3390 9762
7299 6239
7144 1656
8515 6959
9878 5063
3912 112
1221 8266
7190 5807
3931 1
8167 5642
3118 2455
6541 2052
6046 5751
463 7528
233 6354
6828 6439
6956 3833
7464 7066
4968 3486
3783 104
3854 677
4547 1718
3487 4661
7181 2934
601 7013
2192 4562
136 6404
631 3985
1295 3168
234 8446
8006 3111
8572 6713
9519 3030
1015 10
1794 8371
2337 596
5408 6695
489 2875
9079 624
7869 6483
3318 700
8727 9019
4995 1820
8531 5087
7941 8011
6691 5460
859 4886
5235 766
5469 71
9140 8522
646 349
6596 4591
4273 3050
5384 2321
8657 8849
6417 2716
8972 5554
142 3760
570 1864
101 1843
1836 2833
1644 3906
2915 1575
2262 1572
4191 144
1528 3103
1478 1706
9401 1679
5184 4913
289 4759
4267 9200
9323 6868
1138 5771
1752 580
35 4097
5619 5258
5512 3740
6478 7249
5827 240
2749 4942
8990 1990
4669 5156
3457 8045
1243 5966
8478 3784
1378 4107
2713 3169
740 1467
5617 4640
141 2178
2409 476
3018 9772
963 2079
1075 6007
4324 7881
7442 1807
9856 677
780 363
7140 7678
1949 2223
5034 1944
5009 8561
6643 499
8008 6928
9358 3464
5926 3844
4241 2898
2335 8798
4098 5522
3809 1597
1746 5903
6427 7611
9009 2056
568 850
3383 3318
1770 5278
1332 9683
8804 4452
1780 7016
2269 3730
1539 2641
5451 687
7924 429
1261 4727
3056 5298
4321 8028
3421 100
209 9551
2582 7217
8779 5792
6113 384
5834 627
4396 854
4422 3467
6913 1261
5081 5785
794 9497
9093 5947
8922 3760
6822 4467
2659 646
744 9130
6065 6211
1402 1027
3397 3579
8653 6955
2333 3152
1381 5507
9621 2853
2013 9887
1140 3398
5656 3208
2444 8769
2953 8228
5772 9067
2011 5589
7191 1585
8019 6865
9463 4370
272 7183
6504 9339
7466 4237
6570 5840
3298 6134
1865 3868
2995 7813
2168 3533
2541 3406
184 4891
9938 3181
83 5838
840 2954
2078 4466
4041 5782
935 4653
4734 6601
3641 6254
5445 7354
7515 9832
4125 473
5437 2867
4507 2248
9691 6166
7477 1674
3793 1395
5910 7359
993 4583
8831 7626
519 876
737 8566
6409 8761
9269 2379
460 6859
9624 6927
5842 8140
2966 2688
1338 9599
3269 785
7565 8513
8772 6142
3111 2594
763 9907
1800 1898
5301 4105
4084 8727
5759 2179
9348 8335
1554 3819
7614 8933
2761 627
841 9258
7662 5924
2795 4600
6179 837
7173 3872
7925 58
8520 5273
1201 2563
2244 7090
7216 1407
6575 6718
3568 26
6286 9413
4141 9200
4129 2122
4420 1482
2103 536
7078 2302
6952 4729
4173 5178
2970 1021
5774 3959
8775 855
8565 2421
1766 1093
1966 296
1249 1558
7115 7021
2372 5204
8921 1321
6803 1311
7118 3426
2290 2031
6041 5685
4870 4857
4992 4716
2483 367
807 133
7630 3232
2091 6396
4565 2007
733 7739
5280 9051
7849 4524
283 8853
981 867
807 2171
7407 1901
9910 2659
1489 3375
2607 640
3789 2947
9083 9483
9160 8752
2759 2622
5647 5082
2371 3419
6206 4142
8071 7473
5711 8169
5768 5136
4740 1361
9081 6696
335 1562
1001 4047
2465 9960
7366 8513
837 3189
903 8657
9083 57
1287 26
5457 3344
1070 2223
2101 7194
170 1424
7449 4496
425 8764
5042 1441
173 4895
4983 5801
212 2218
5667 694
4124 4014
1045 9660
226 4259
6473 7715
7030 1686
693 4183
4079 800
5323 8020
9893 1830
2763 7093
3376 8849
3297 2581
5936 7556
8928 1687
9724 365
5440 5344
3457 2373
4446 3632
1329 5368
6563 7146
3264 8483
7335 5962
2344 3154
4887 2265
1165 9314
8160 451
5130 1672
9649 1371
1063 1797
5471 1645
7565 8847
1010 9886
3715 3462
1253 4502
7100 1007
554 9971
9946 997
4317 9631
8196 3232
7459 1777
8444 3600
3100 8880
958 680
5268 7236
5240 9971
7489 2381
4829 2425
941 2043
4390 6852
2941 4264
3502 9049
3438 6788
954 3359
4606 8734
4270 2147
1814 4607
1800 732
6621 2053
4740 9259
4513 7490
4844 763
8040 7046
2916 3025
6987 5739
4432 8438
569 269
6797 7312
6174 2715
7932 8800
2435 2175
729 2640
1604 3328
9066 6454
7940 5002
5121 6886
9397 3967
8479 865
6991 298
9066 2515
244 6648
5024 443
2598 5231
6319 781
6285 9071
8132 252
7760 1447
9119 162
3675 3945
1997 8381
5854 5353
2129 1283
1270 7475
3125 3296
2702 3238
824 1615
2224 6650
1259 7554
7075 1686
7248 1608
1718 613
9343 5277
118 8948
5752 1791
1440 6979
6259 2138
4884 3318
6090 9032
9131 5029
3528 1860
4797 4018
8803 9303
3781 2141
2148 3562
7765 297
5063 6343
2525 6610
4961 3916
9220 1355
8319 1773
8734 9159
2520 8587
8041 4473
4866 9424
9630 8161
5584 2827
1395 608
9462 638
6189 7406
4475 264
9700 1550
5544 1478
9184 8086
3378 9759
1593 3473
6502 7065
8728 3418
5364 3235
2376 2527
471 608
8757 9063
1873 7109
1880 7423
9562 620
5602 9568
3395 3013
1948 6834
5859 2358
8736 6721
2446 7180
9479 8242
1369 711
7787 9976
8832 1284
6204 8235
4138 6211
2920 9993
2747 8086
6900 386
6163 4186
281 6407
6292 5176
3757 1816
5160 2582
4187 4259
8389 6881
9161 5653
7056 4003
1613 9719
8110 4261
791 488
8485 1490
3408 1097
4158 5465
8371 9093
4940 7904
6138 4681
10 3673
9495 3064
1218 4605
5110 335
7977 4800
5415 6596
2465 1551
3556 5277
8927 21
4210 3534
9204 3325
3619 7037
7062 9732
1159 7419
1871 5509
1195 5667
2535 1748
942 2510
7643 8049
1498 1870
6349 3206
4281 9010
649 8985
1850 1030
2612 6115
5800 1443
2285 6853
143 4227
6328 9392
2478 5682
460 673
6666 4073
9624 2344
6682 1903
2808 6935
8223 9222
8103 2374
294 1742
3879 5253
9604 4788
2725 1965
624 3647
4021 3293
594 2510
1826 9269
6952 5709
8372 8698
331 3585
5412 3045
1026 1128
3697 767
2271 4497
68 6138
2023 680
1356 7551
7584 1653
5054 7771
7778 7709
9319 6575
4093 3480
1798 2202
1558 2999
2488 368
390 5178
6257 6673
7859 4343
369 5129
5499 1545
214 1886
3763 2622
1496 9162
1429 161
6532 8978
4856 8241
618 2256
6326 476
6716 1812
3449 101
6614 9775
9926 7718
5207 4064
1250 4925
412 8321
192 7650
1514 2243
3843 4181
9642 6081
6116 7820
6321 7356
7941 758
8967 1374
5090 7497
9283 817
6587 468
6547 2043
1358 4590
4768 7921
6531 7758
2799 5810
3513 1846
8085 8933
9087 7334
3128 8698
9820 1121
271 5456
4386 595
180 1053
1370 8608
572 7175
3430 4598
3927 5603
3066 925
6901 647
8612 8627
1263 1915
1961 4910
6273 8923
7585 6648
5127 7343
49 8293
8142 6614
8347 8446
1452 8355
8264 1306
3886 9630
7698 1126
3463 4372
2 5287
1945 6508
2588 5911
5379 9212
2458 3827
9109 5502
3148 4822
4659 6747
7502 6550
4703 7719
4166 372
4738 283
977 6516
7530 7707
8836 4045
8483 3890
4762 761
777 5016
7583 7803
7797 9133
6804 1785
6313 2744
9164 4375
8272 3262
6680 6532
5860 6444
2985 2248
3380 8237
7905 8002
2637 27
3095 9940
1530 2410
7598 1090
5420 9235
3993 3405
1465 7504
8911 6490
7062 9961
9206 414
1132 8726
813 6173
2523 8474
4447 8082
5477 786
4013 4646
3655 451
2449 2445
4844 7040
868 2854
4585 242
703 1635
719 2864
337 1854
7218 8337
3652 1722
5929 3833
4156 4068
1203 3049
9455 7247
7744 897
1916 2616
636 3626
137 4408
7114 7599
4580 7749
6440 8207
637 4003
1881 921
294 765
9333 4295
4143 8590
1202 1984
9700 8872
1723 8502
4639 8932
7198 8702
7419 4288
1400 523
3435 7414
3954 5533
3624 1991
5838 1320
2441 2921
7117 6237
7328 5084
8186 5040
8046 2212
5787 980
4234 4362
2283 98
3433 4918
1154 1509
7354 3785
2142 125
2571 6723
2968 2226
7767 3543
2636 3001
6026 7850
7209 6085
412 8424
2472 4103
1222 1912
7138 249
504 4373
538 7737
7766 660
5544 6559
7288 8662
1286 2197
4579 7413
373 6232
1657 9342
2289 8546
2568 3614
7697 4909
6164 599
343 256
1878 8521
7467 4699
5057 8946
8058 6563
8061 3118
6602 2723
2125 3765
9485 60
4987 2695
2687 7731
4820 6991
5255 1261
4508 3167
2735 8777
5000 3170
3868 1368
93 9317
7599 8096
3173 4328
4188 5273
3235 5700
860 6038
8875 4602
8536 3360
590 2829
5045 9614
4434 4152
1448 9690
2781 9282
6776 6469
6071 1135
7344 548
6603 8627
1432 4144
1156 1282
6643 575
9013 3319
695 2485
7744 1199
9695 1442
1132 8976
4566 6400
2558 9146
4699 1478
9588 99
123 5620
7865 6776
4527 4460
4019 8907
396 3716
4045 1233
8139 8273
6842 4562
8786 9666
8274 9785
3675 5516
8707 4893
2530 5317
584 7589
1067 7820
8394 1883
7831 9346
978 3043
316 551
7294 5208
1760 2082
674 128
9765 6645
6663 607
885 7900
4887 5568
7874 4807
5593 4149
2201 2447
5870 2985
4985 9612
8386 2409
6344 9620
3656 7400
4610 2592
9880 2395
1412 4452
5841 5656
383 290
2453 2452
1355 9127
2426 8273
6381 2094
872 8451
1002 3816
2344 1670
1430 2390
8333 1439
2408 8355
7340 6290
1226 9597
8178 6240
4455 436
8140 1717
2767 134
6684 6454
2092 2459
7841 1058
5509 2623
2119 2094
1114 2614
4349 5100
976 6926
4409 7471
5838 4631
4494 2359
666 4134
8170 5107
2920 1267
2128 8408
6381 6800
5862 4336
5293 4175
2966 6057
2720 9052
5406 7505
7791 1975
8340 4793
1973 2009
7911 2677
6753 4698
3544 7228
118 2324
1557 4403
825 6432
8927 7581
148 12
2220 5948
8996 7724
4509 4380
473 969
5298 4162
4901 3886
5654 5699
6686 8293
4774 6276
8343 9202
7798 7039
4542 1071
1309 5985
6345 1504
2856 58
6901 5813
6479 8193
7087 6493
6833 1656
2372 9824
5937 9672
1072 3045
5273 4516
4066 8904
6054 5623
9642 5960
7129 1366
4501 5292
8886 3215
6874 4764
7565 5638
4479 2722
6173 3332
3749 2728
9179 9718
4251 9541
8876 4236
9086 8547
1063 1374
2521 3290
2988 6201
2758 9956
7375 8756
5558 9000
7018 358
3959 6124
4361 5870
1862 36
7327 1760
696 8608
5668 1062
1403 3139
8018 3413
946 6659
4537 3695
4376 8913
847 7773
7324 574
940 9510
7189 8679
2468 7040
3909 5430
2198 5735
261 1693
1689 920
3799 6261
2527 3785
7490 1649
217 8125
37 5270
6549 2332
4183 6791
3399 1006
1593 4361
3419 2899
8332 9907
492 2709
4417 9701
2139 1959
4799 8559
7814 4701
919 2204
6407 8335
3950 2427
818 9114
45 526
8373 9887
5955 8721
8444 6384
1344 581
9745 7172
7380 6276
9299 2171
7935 7582
7354 3017
2834 7825
7211 5728
8527 4585
6067 7992
8904 2529
7520 5254
503 1882
621 5166
7618 2830
9511 5296
3744 7350
2505 6782
9413 2161
6679 5594
2761 426
4210 3589
5634 3008
8193 298
6171 7034
5147 3926
1621 3648
2659 8008
8470 1508
9865 8722
3786 9709
4160 8949
7948 2726
1932 703
3429 5489
8911 5740
260 3987
1178 7329
3928 5634
7570 70
926 2035
7705 1825
6366 5490
8149 1431
6852 1511
9250 84
1301 1823
8446 8373
1724 6391
7597 1337
3421 4974
774 729
7645 8413
6069 4100
5130 5245
645 983
8481 4782
7139 1895
1325 3003
7168 7710
1626 5625
6795 7756
921 1331
9691 2727
5913 6282
6725 67
7303 2881
5532 1270
6887 3798
2657 1050
8885 477
6755 5419
4830 2099
4499 9464
1365 230
8620 6080
4609 4755
944 3677
2863 5032
3709 2074
4429 3648
6960 5564
6902 9488
496 667
1342 4625
4052 8761
8752 2435
963 39
9036 746
8481 2692
6356 6452
2671 9452
2383 6971
2247 9845
6800 9425
351 5212
1486 2450
5283 4389
1817 8628
1462 5894
1895 9781
8246 6793
2205 4095
9594 9633
3236 1883
4351 7625
4542 55
753 2241
7368 287
6135 8923
6322 2876
2419 157
4371 6587
6327 394
19 2146
8267 2665
5277 864
8110 3682
4492 900
242 1586
2637 1066
6110 378
9165 7426
2792 8080
603 1567
8460 2548
7247 6218
2294 6430
6214 1588
9604 3634
8938 3751
928 3134
5747 1093
4165 9707
9230 4619
4533 1413
5520 9333
1552 7719
4615 2975
5521 2108
653 391
1642 9645
2081 9385
8080 9998
446 7375
9505 3142
1005 4086
1811 9278
8949 860
1810 1359
2270 576
9819 4447
469 3810
1665 944
278 4656
8627 7595
1930 733
1291 4263
4473 7550
6376 1108
800 9354
8073 4154
7022 8427
6231 2894
8061 497
1327 4096
1689 6563
1946 1387
1906 1558
4002 2002
9456 6756
5829 5947
3601 3737
7898 6050
5844 2210
5043 5361
2395 9017
6687 9195
23 7294
3546 9451
6559 1960
7872 7901
1166 2242
792 5516
1789 2349
2083 2910
4913 1572
6573 5615
6223 489
8520 9775
1530 2874
5981 9270
5106 566
9919 1457
5267 9218
1601 8696
3761 7147
1489 3419
2152 5285
276 8255
6229 4815
5991 9113
3324 6638
7109 5955
3423 927
6178 4729
3556 2608
6812 3620
4656 5368
1679 3101
3620 4598
3967 8509
7603 2353
2635 5808
5556 1377
4495 843
556 4751
6233 2266
3596 4132
9412 3371
6357 7700
461 1945
630 801
9194 2872
7064 6421
6297 6353
9256 3530
6565 4903
5236 3811
8338 9207
661 2527
7125 7107
4255 669
5422 8537
1320 8699
9492 5170
2028 5086
6917 8661
920 6541
3279 8535
6969 2205
7442 8557
9186 752
2724 937
739 9383
6047 3959
8977 8758
4795 4551
1570 9928
6595 304
6005 5768
9083 8479
7734 2844
4895 1097
4824 785
7712 7481
3765 4510
6435 1579
8188 7926
5352 7805
2949 6871
8090 2152
4246 6418
940 2184
2590 9836
9353 1687
4931 9864
3955 5787
9395 6815
6932 1669
1112 9727
2405 4713
5462 3380
5015 1797
7728 1356
3081 2063
3777 1243
1676 4851
4122 7095
7487 2690
475 7636
6494 243
979 7982
8370 2172
7685 2783
4907 90
6324 8664
1305 2282
3141 3259
1489 9028
3189 9811
5805 7311
978 4636
1662 9326
2948 1474
2091 8572
1457 2197
2919 817
2031 6213
5086 844
4665 9241
1116 6729
5376 5358
4082 5914
5415 7444
7357 9291
9407 8392
1917 8056
2604 8045
5014 4595
1753 2709
9209 4925
2070 2328
1182 6145
2655 8661
3668 2064
7155 3540
2736 6479
955 6666
4443 5613
2282 7486
3458 5896
684 207
3839 1397
9784 717
6351 5877
6567 280
9024 7744
7463 1238
3176 1796
6876 213
9403 6993
7817 2966
1826 7664
1346 7463
1816 2286
5726 1021
1050 2814
8000 7460
2495 9788
9490 7980
9627 2915
4563 9991
2985 7306
314 6530
1213 1230
2639 2080
6073 9387
7931 9205
9779 5896
5382 3401
9666 3886
1891 5621
729 8534
9028 4830
7296 2740
8991 651
4761 1652
2374 121
6571 4788
6373 5751
5257 9652
4571 7944
8724 2817
762 3886
1185 7451
267 920
2726 2046
8906 1574
3512 524
897 3317
1695 3430
5861 8395
5466 1465
3317 8038
993 3957
4464 6384
4609 4017
2300 3354
9211 8988
960 259
2736 3124
8203 5551
8674 2671
6287 8020
2526 9681
7421 4704
4862 2090
6288 822
1421 1795
2941 6355
8718 1174
9253 4769
8992 255
9370 9100
9567 4967
707 7059
6009 2684
2542 5301
4774 5342
3852 1270
1321 4194
1874 1559
2781 9850
3989 7477
1639 2741
7935 6783
3486 928
5707 9957
4696 3269
3244 6757
8635 7639
800 9105
231 9334
1629 1728
4008 3920
8946 344
9 8457
1445 4
4380 2123
1296 9537
7244 3382
9994 3498
297 4760
1867 2627
6743 1400
3608 6993
3751 9252
2334 3927
6733 798
2188 2713
625 5936
304 3117
1898 298
8322 4171
5402 5220
5299 5344
2554 83
4725 9776
2645 7883
1614 621
3954 7505
2381 2949
3514 187
1167 3452
4504 3770
5940 4155
7365 3202
4187 177
2403 2060
5840 4521
4536 8046
1706 410
3991 7101
1650 4135
2521 7019
821 7270
5569 6188
7083 4087
5020 5098
82 6776
7404 1156
1295 2731
1009 8432
9929 3737
4592 5065
6790 9523
53 7638
2063 7413
90 8756
8063 6956
5949 5332
5057 9213
8480 2716
3005 3430
9400 5090
3850 163
1410 7603
3347 5902
1287 6930
2712 8722
866 9609
649 8433
3173 5309
9908 8976
9804 7257
2405 5551
223 3037
9110 8576
6144 6873
9354 9235
738 8313
5859 7047
5684 3966
6651 7456
278 6591
5241 6140
6823 2197
1896 4058
9153 6047
165 3802
1428 2104
7029 1871
8352 8480
6380 1877
7983 193
7567 3318
2692 5509
9794 5258
8731 2847
2446 1965
243 3443
8840 8023
7396 1074
3382 2760
8975 4660
826 1619
6443 1768
2062 3105
7388 7057
571 35
9985 4868
7452 6588
1877 5551
2418 9797
1162 5821
5888 6467
4706 561
2363 9718
5170 6238
188 8914
427 8545
7417 5469
5674 8160
8772 0
105 5066
1227 1137
8559 384
9361 2428
1712 9903
3560 60
6781 673
7133 2642
4003 1924
3277 9281
380 8346
6852 450
7016 3233
1306 3876
4821 7707
5118 1311
8850 1396
8195 3209
4995 2428
9248 5000
8570 2620
6125 926
8728 4157
254 7408
1416 8559
9350 1939
9824 2577
9056 6078
3522 4074
9704 6990
9 269
4056 2122
3387 4754
4396 5904
5461 2894
8068 336
2859 5889
3320 3359
570 323
8776 5699
4265 5170
5882 84
9042 5851
257 5294
8752 4549
7354 2130
6697 2994
2460 2755
3052 7524
8592 1588
8233 5422
690 6935
6250 8944
9733 1032
5203 1109
149 1542
1139 735
6785 4965
4593 8527
2279 1148
4474 733
2069 6554
770 3695
8344 5401
5679 6365
9847 4249
2012 5399
6982 6855
1684 4698
9175 9247
5952 2970
6813 4206
9114 7906
1817 6087
1771 5481
1951 4699
9255 8514
277 1919
2987 4701
7500 4722
367 3300
4754 2277
7603 8876
7960 5704
5049 335
9609 3245
8247 1340
9590 9285
995 847
5492 1807
2438 2250
7244 6106
7391 4692
3166 4277
3449 1778
2402 1704
1935 1253
4065 9540
694 1963
1325 7104
4586 3947
6530 8204
5169 3398
1528 388
1934 161
8171 7651
3335 4432
1133 5226
9981 5878
3308 2395
2677 748
3897 2571
9239 2967
3290 8765
4621 1433
4235 1002
8714 3443
1276 8161
4679 6986
671 4672
7262 3501
8827 9087
4396 1060
502 6554
8309 6821
8036 1120
8841 2557
3378 5421
2404 1008
3780 9846
7602 3033
8849 5356
9889 4866
2714 7092
6846 7236
670 83
3578 6655
8421 3206
2120 4598
6156 7053
3232 9317
3297 784
6681 5437
608 816
7271 8840
7191 2618
2733 2575
2929 8908
1833 4078
8328 1684
2161 5484
176 5347
1517 5230
9300 9812
3428 7573
3899 7245
1335 3293
5338 8886
6898 6599
7578 2875
3725 9753
1021 4080
5219 8214
2006 6726
3990 5073
5902 1934
452 9269
4524 2746
205 191
4113 7566
124 3174
6221 1201
3235 6809
707 4552
9531 9458
2972 2043
2909 2393
296 94
685 943
5528 1890
2611 4436
6291 8866
4740 654
5738 5344
36 7866
8580 608
3343 1877
9526 1007
5275 2204
4568 1306
9498 9174
4926 6774
4463 769
1430 1996
9638 2412
9631 8261
2442 8570
3424 6819
7384 671
2529 6988
7124 9948
1495 1933
190 2053
6909 7845
5062 8260
2386 925
6597 7114
5492 3537
6523 1481
8366 5527
1922 1564
7135 3256
3950 4784
1531 8381
5621 1017
8604 2310
7166 716
9178 4479
7103 9359
9231 2596
1467 5268
9925 5726
1050 9162
6183 7896
8486 3719
5351 8048
572 5231
3092 7847
4412 204
3454 4999
4340 681
6050 2264
6036 4268
9340 8351
2631 5659
190 778
7398 7190
8796 9053
2411 1866
738 657
3788 7577
2470 9636
7961 308
2009 5473
6826 4546
6798 8056
6079 4852
9177 3048
9187 5609
7219 822
5743 4563
6791 381
8716 7812
3680 335
661 6289
4042 8949
4359 4655
8427 4764
4114 7120
3997 4215
2685 1204
552 3337
2716 7700
8985 7182
2253 9561
1127 792
289 5887
4419 2948
5317 3507
6788 1707
5115 2474
3209 7916
7849 5769
1142 2300
6705 2201
2479 4622
3058 2302
1233 6562
6548 5138
5931 2433
446 6309
7986 9872
2227 8420
5139 804
1132 8779
1717 2478
8282 9436
2040 3484
5948 471
5461 8282
5518 9370
2025 797
9197 9186
8432 5081
1983 9285
9929 8428
1930 1398
6713 1301
7935 2702
6022 5373
273 7957
9594 809
9238 2398
1020 674
1608 7528
8218 8691
5214 3113
8345 7625
9162 4706
4815 6183
1076 1239
2041 7269
1676 2962
7605 1026
3131 5475
5280 7777
1976 3498
1849 345
251 8328
7324 4206
9047 7216
4865 3902
8107 5200
4928 6321
6733 5384
6115 4326
765 1067
8323 7382
3150 4501
1264 3850
1183 2457
584 8233
111 449
8523 6355
2926 5943
356 671
8208 712
3922 1460
8619 8069
1941 3336
9728 7565
3912 1134
95 589
8752 5204
5539 9330
8587 7288
3107 3885
4604 4972
900 6449
9960 1280
6518 4619
6203 1897
3067 1785
4212 3306
1593 1444
700 1449
4460 185
86 7089
8531 599
9989 727
4841 8898
1866 3254
4802 659
5615 5319
3515 4501
9578 7498
7934 1026
4872 6038
6096 4022
402 1323
3980 2941
4750 1449
5732 7535
6817 928
7651 2553
926 269
2772 7246
2600 8055
4273 5424
6888 6299
1168 193
1094 9016
3420 8033
5826 9261
1031 4685
1916 9019
7612 3007
9863 7681
5159 2047
2132 7466
6680 740
4368 9845
2316 3773
9224 5172
4406 8117
1157 6806
2788 4477
4067 9778
2410 4720
756 8516
101 8086
2338 9844
1972 2754
7417 5273
7305 424
4356 7007
4180 4566
2580 7340
7720 3243
2156 793
1280 3794
2295 973
6886 6439
3903 8127
907 4682
2499 9851
9573 1125
8 7184
5876 2266
2100 2906
771 8589
430 8705
1908 6274
7282 1420
4500 236
7657 9961
4767 7569
9179 6487
4926 9440
766 9574
880 7717
3349 9008
4210 1606
1881 3285
1339 3377
1432 46
2651 8427
2052 4428
3728 5994
4116 5992
3891 4695
608 7664
705 767
1829 1820
6863 518
660 6802
8088 9831
601 3602
4493 1611
2443 5869
9707 6896
703 1397
4077 1042
2308 7669
5613 8375
945 1290
6707 1927
641 6054
4268 911
5265 1767
9461 3755
8208 9656
1489 1548
9922 6484
484 9668
9251 8749
2755 9838
1893 6305
1903 4582
9042 1862
3957 4271
6780 1101
1175 2595
6009 1681
5510 4502
5651 9137
5206 1370
2791 2386
2143 9593
9209 6835
5196 5810
8480 1215
1589 963
895 3813
4246 9791
8712 7608
7263 9055
8406 4452
7864 9956
5265 8263
2138 2563
1383 1981
621 941
2402 9175
5995 9672
3047 9074
2909 3745
1060 4185
511 5235
289 9289
492 5543
5308 7136
1685 8761
8206 9468
305 7087
7259 6691
6732 2316
7540 213
5179 9865
2567 5839
9407 3693
5475 6716
1936 7000
9305 8518
387 4910
427 8885
4059 3301
1432 2615
5484 6715
9107 6745
3284 738
6689 7791
6760 4421
5889 1762
706 903
7423 901
5313 853
7222 1291
9087 1694
297 9469
5278 136
35 9536
4093 9889
9987 6151
7345 9672
2410 5972
8401 9163
1325 1248
7334 9595
4884 5341
6432 2175
8642 4508
2605 3783
5704 2338
6892 4847
2492 6691
8582 5575
4522 4502
8228 1956
4181 8708
2518 6139
1644 4853
4664 7066
4777 6682
2907 6450
5209 445
1171 4392
6507 3983
1202 1320
5020 8493
7463 7757
3570 2549
8575 4869
4303 2283
8138 1505
5833 3962
2215 825
4252 4645
6199 6198
2646 6429
1123 885
1462 7350
2229 3626
6060 6581
2529 9587
4274 865
3089 2629
910 1032
6728 634
6475 7706
3991 1446
1522 9982
4217 2958
2682 158
7316 3670
7459 1679
8963 5003
470 9891
2633 1313
3730 1190
4576 5376
940 2425
2868 1482
3875 529
1077 7231
9281 839
9989 1738
6440 2012
6726 5198
522 8673
3589 1955
3734 788
1061 9886
7433 5455
6677 8703
705 9404
7443 7219
264 8617
7162 7240
4903 7680
78 2461
3195 845
6060 7701
1626 2458
2823 4726
819 9341
7397 6115
1827 2055
4155 2818
5326 2210
8233 5185
2327 4447
4423 8169
3094 1213
9287 9879
5046 9669
7069 3093
915 7670
3394 7244
103 5357
7697 9383
3308 6550
1304 3807
7942 8174
8182 5600
3806 795
8584 9962
388 3937
8143 1944
8051 2762
2137 4732
116 1934
4726 3192
3517 3733
4446 3639
9052 7455
6961 7073
2722 1015
220 815
8583 9011
9640 3472
3675 9260
5817 3146
6375 978
1657 6774
7669 9372
1555 5267
78 1536
1687 7480
7075 3316
2938 1061
417 9896
2791 3588
2170 1463
9235 2745
3326 1598
2681 8958
7967 5354
9285 1890
996 7525
7351 9871
3943 2391
193 4769
4118 2705
3155 2431
4351 1487
1087 2420
4749 995
6100 2013
6987 7404
252 3337
4819 136
4646 2477
1945 379
6838 8713
9109 2707
8036 1879
5551 2261
3655 1887
5577 9615
1987 3491
2021 5783
2371 2613
135 3460
8825 4406
1969 1902
8118 6146
6010 452
3904 4505
6468 1961
7588 4268
7568 8358
8631 730
632 4668
1582 631
5326 5291
1459 628
1763 2838
1537 5273
3273 9941
8866 3489
3053 1577
7265 5635
8465 3856
7557 6182
5717 5741
9142 1795
4606 5172
1706 560
8467 1623
7648 7598
7308 8243
8644 1696
3626 2840
9051 7707
8394 7487
692 2043
3951 1057
5072 542
8506 515
2046 398
6697 8141
7600 1583
8761 3781
4708 6169
6110 5916
8483 1981
5769 8604
6577 1843
2660 3988
9420 7044
5570 7543
4729 743
6744 8528
2957 509
3842 7760
3145 4555
6961 6367
8642 367
6101 1986
9965 5190
1760 8356
4751 8329
6338 909
405 2420
605 2495
1185 5771
7947 1494
7978 321
8518 2960
830 538
2483 2868
5368 3953
2433 3951
5357 1932
6847 1984
1916 5916
300 3300
1151 9328
9404 2400
149 6525
5881 897
5836 1738
8971 7892
5085 4946
7500 1330
2640 2681
7195 7507
9793 3947
1263 2435
412 9879
442 8684
5416 8388
4386 1435
2564 4710
8429 4718
714 691
3601 5286
8902 2612
5161 6920
8348 4989
6919 2486
5283 7121
4907 3291
2378 559
1064 6917
7737 1488
480 3082
207 8851
2277 5912
8992 2339
5489 1131
4654 1508
8333 6994
4407 1426
8878 4240
2175 5341
1146 4975
5240 2178
73 3455
6730 7095
3360 507
1447 1081
8090 4422
5360 5300
7231 8985
5076 5441
191 389
3860 7919
4104 908
409 2113
17 1597
5849 9868
6783 3668
1938 443
220 1178
1339 7529
6366 9867
5233 8347
7472 8035
3145 4702
6422 918
5032 7061
5210 7324
646 4469
6083 1011
3459 5654
2624 3448
6309 5872
7118 9762
6071 956
3177 4033
2341 351
3295 5217
1280 8334
3127 1965
7938 3001
9252 2754
1573 8379
1843 2255
4975 3591
7213 984
5834 5624
7194 1421
8142 5168
2128 9695
5142 4261
5388 6764
7984 254
8504 7556
267 1453
939 8649
6225 2348
9040 1866
1449 3163
3368 9892
3378 5012
8809 3606
9388 6497
8379 8766
8043 5780
1245 689
6831 1810
3599 1285
1396 3680
5808 5899
1366 7932
1555 7696
2141 9409
8562 3638
1587 4998
9994 6577
8347 9117
7188 9666
6155 9798
1132 1450
4817 7478
587 9058
8400 3182
4854 9445
6122 6047
8481 2813
560 8904
8691 5882
242 4286
53 1465
5724 1150
1149 1361
1715 815
2580 6282
7748 7956
3476 7059
7689 6237
5732 6363
62 2238
2043 1955
2280 6206
6483 7188
9549 9779
4681 7153
1653 1598
6890 611
1634 3155
7639 4920
7421 1212
1902 5808
8732 448
3739 3125
765 9777
6175 4945
8834 967
8355 2230
3173 298
6460 3162
8532 9642
9385 9851
688 6627
225 6036
2810 687
581 642
9826 5938
1530 9697
7707 4879
8860 1575
258 2028
3637 699
4689 9494
2827 5315
4220 667
4517 8418
4514 4626
5739 9489
8231 4715
9578 1800
1243 1551
4156 3543
944 4057
69 1874
1769 1451
7768 1505
2804 5889
3755 5846
7176 4991
4790 8967
5714 3091
3445 1431
7450 8995
5292 8746
1129 4638
9475 2744
2958 7826
2851 3033
2121 3604
7267 2584
2048 1266
6319 6406
4375 6010
4397 7848
8796 5533
6654 5340
5602 641
5494 4224
1334 9606
1580 7472
22 1377
8355 1722
2474 5271
6995 4009
9588 7136
2334 8402
8169 4161
9586 2487
8596 6018
7343 4951
6088 9015
6669 8211
3938 9816
2371 2377
1421 8676
5067 9912
1515 1659
4113 5140
5576 9460
9988 218
2767 7872
3932 8371
2709 1962
6798 4803
9510 5742
6607 4495
1312 8694
616 4072
1197 8866
4155 3938
1464 1013
5435 7482
8780 3959
1334 5732
6543 8560
5535 2579
415 9091
185 7860
3365 5230
1945 3899
4960 9529
7343 6291
764 417
118 3811
4421 5017
1470 8825
6479 6784
980 1538
8183 186
1287 8701
3689 8869
3180 9179
3401 1964
359 5791
2472 972
7628 6400
1519 2392
6936 6477
4776 5390
2644 5484
6616 1696
3311 2197
9977 5978
8612 5059
2654 9536
7471 5575
1052 9276
2770 817
5783 2178
8722 6327
7488 470
1211 4414
2329 3859
2229 4744
6634 185
3190 1547
7356 6851
905 2762
9504 9488
7230 969
1086 1872
4531 1436
6705 8489
4453 4372
3733 4397
3457 2730
507 3139
4211 1676
5411 2434
3979 6022
887 1189
2599 1621
6633 1865
4932 5561
8329 8025
4346 9355
8940 1570
4882 2150
7216 3349
2536 2211
5525 5035
2205 6271
1514 6530
2908 9086
1979 5598
2404 4340
8892 5695
2012 5269
6549 2637
7222 5327
989 4889
3316 1937
9329 6441
6540 8823
7647 6057
7766 1094
9860 3936
9292 6234
2365 5238
6650 4721
9812 9808
4405 1738
4958 8044
8415 3682
6859 5727
4602 1437
8822 1516
2255 368
243 8818
5293 1659
7096 1406
7825 6638
7543 2691
8505 1000
33 9222
631 6588
4342 499
9114 8269
7428 709
9094 759
2194 7759
7815 5734
6125 4699
7893 6244
94 6
8076 1642
5926 6779
2378 2714
4263 9098
7545 1419
4443 9343
3118 1558
1422 6532
9579 310
5915 1525
4410 9255
9294 3247
4290 6388
5683 5512
32 19
6632 4744
4049 543
7450 4921
5248 2046
3355 8244
9111 209
9560 741
2676 1976
6239 6837
2763 5021
5749 5373
564 1867
8094 6764
916 2352
9864 1475
6003 4852
2487 5061
9060 5370
1792 1165
2245 7300
3037 5876
4280 2557
5068 6685
8173 9048
1636 1002
3400 348
9070 8042
4059 4000
5094 3548
6808 591
3985 7151
1754 8305
710 3650
5647 2232
337 6207
7795 5540
3633 9490
9124 2749
1916 1354
9865 3920
2559 3135
4597 7786
973 7907
4472 7144
7215 3353
2229 4394
4627 9699
6303 5106
3689 490
3030 8016
197 8878
9395 995
5891 5560
6406 7538
7863 425
2764 7673
9922 8005
4461 4076
3353 5936
1680 8273
3488 9366
6896 5065
2411 4409
6198 7152
7005 6224
2660 397
9744 2282
2075 7838
2667 9530
2803 5546
3618 484
7724 248
2892 444
2247 7824
3834 8458
4175 443
3363 6526
2759 231
3678 1931
1062 738
2807 6015
9903 5058
8620 428
2247 1866
1695 8597
9989 635
1155 6248
8675 4294
2138 5941
2204 7335
4073 4391
750 7733
5630 1514
139 2759
8806 2735
1899 6555
3663 4001
9585 4011
503 5458
1082 6046
8359 6160
8018 7450
9254 6712
2618 9630
4899 1740
9729 2782
4223 787
7726 7540
6728 7215
7127 9073
3896 2653
1706 779
7022 522
3218 48
9245 1022
8367 6054
156 4594
1939 4192
4109 1773
9625 4932
6064 4054
2451 9579
2930 8973
43 9967
749 8267
5733 1923
9084 107
4863 8437
5212 439
1769 1202
1056 7210
1422 3653
2227 5250
6259 5386
7030 6691
72 1583
2630 846
1908 6693
2876 6726
8479 2290
3890 2736
1880 2066
5774 1650
508 1731
5441 9274
2894 148
5093 1167
3404 6086
7370 8455
3861 8026
2282 3774
174 909
4785 6283
4642 6647
2465 8867
5805 6177
2 438
9262 1046
3861 6429
9165 2796
2567 7069
3707 6484
1779 5394
547 4994
488 9055
2626 8204
9848 6232
3679 3089
6515 3511
5568 2746
6910 5581
1718 471
2269 5704
7179 8418
1734 6179
8892 8169
8014 5613
2466 1680
2802 7756
2155 6415
8590 9786
9894 7253
9296 4324
8492 8243
541 4646
4602 3536
4376 9641
2358 1178
2615 3532
2697 5606
1819 5224
8043 1555
1944 7355
7972 5215
1115 1482
607 787
9114 3445
1379 5602
5913 1986
1736 3662
604 785
8343 6659
7061 1956
3567 8705
1214 6206
4030 6502
2267 6024
3589 1055
1081 2036
1856 7353
937 9614
8579 4026
4371 9034
3334 6148
3479 198
9143 3801
9184 7540
4540 543
1204 478
403 628
6974 3904
1620 1324
8032 3626
5573 1939
7029 2827
6292 1911
9437 562
1823 908
1553 6218
389 887
2584 2534
5065 7516
5327 8417
8708 4394
5991 6839
2081 7230
5374 9631
2596 5529
7024 8441
1567 2189
1818 7422
4599 717
595 862
1934 3373
9962 7491
9400 2597
3997 698
5841 8059
5729 6981
7510 5435
4647 9717
7031 7655
5079 4289
772 6446
1186 7926
4988 1414
2353 4174
6782 1927
2421 4104
805 3304
9321 3243
1144 9296
837 4528
9192 4166
1964 7459
7066 7211
1662 380
613 8211
4098 523
3880 6641
6499 3215
2325 848
2106 1499
7845 8935
340 4778
3404 6981
1462 8376
1391 5330
3632 5368
374 654
3257 1369
2952 1281
7247 3771
174 7920
8085 8267
194 6694
1895 2488
367 4434
515 8471
1169 7007
7665 9967
544 7853
3093 6774
1517 1369
8032 1009
483 5053
3716 3660
7433 2757
1194 6338
1676 1886
7578 2581
817 6280
341 2059
1747 3290
6353 5917
7901 1103
9580 6571
564 3764
1349 8523
3440 552
4324 9056
3688 2062
9552 8259
9460 7534
3473 8206
6922 6237
7991 8578
1854 3088
3300 3604
4942 5695
8817 866
7566 5281
6388 6852
4877 2502
7156 5455
2994 9571
5146 6940
4460 5233
4632 8069
7442 2293
8092 9319
9707 7646
9620 4810
1639 5587
9042 5844
418 8790
6439 7633
1916 4383
1343 3978
6283 6247
179 5608
7157 4219
8855 221
3113 6375
7697 510
6474 36
3096 4980
5208 3809
7640 1572
4108 3033
8789 5635
2794 5193
5402 1202
4931 1262
6191 5389
9568 7126
9414 1539
678 2755
2309 2591
7490 6149
2373 6436
8339 1780
2249 3084
1677 8503
7647 8138
6510 3775
5026 7967
4222 9151
6771 8298
8967 2326
9490 6662
907 6114
8744 6465
9450 6992
3623 2020
4052 2387
9932 5677
7047 6552
584 6887
4893 5449
4574 9985
8925 5862
4276 7647
7154 2080
2030 7398
8607 308
8290 1506
1227 9673
4156 896
1598 5072
4954 7383
9556 87
988 2583
7755 9707
1625 5008
9253 8306
1006 4340
9205 9212
8784 9301
5429 2563
9229 410
664 411
2592 676
77 5891
4829 1543
6387 3145
6950 145
3836 1418
2113 2162
619 4610
5706 5883
6681 2360
7177 172
9117 6211
4833 1232
4873 9124
6843 988
3093 4162
4745 5832
7302 22
9282 1324
8084 8145
5985 7129
2566 5716
3679 6716
2481 3722
6112 6082
2176 2836
9888 7116
9887 1114
7196 8786
2697 1913
994 7306
6081 9416
53 5683
8595 1718
3684 4903
4874 7792
5236 4981
3409 9487
9248 1978
8555 1976
2935 7536
2120 9356
1906 2096
6654 643
1915 5450
6413 8249
7142 5429
6502 3725
2313 7069
9945 6116
1855 5921
4395 8900
6376 1251
3729 865
4495 5428
4603 628
9216 9223
2113 1485
8102 8239
9560 620
6296 1751
1065 2619
8399 1484
5142 9278
2128 2192
7647 4435
4178 9764
977 7980
6803 533
7332 690
7196 3524
4753 1719
4809 8257
4683 7639
2688 7651
7120 9333
3367 4667
5851 6679
5529 5028
5020 7967
3054 3074
6607 7834
4233 2485
8404 3416
7947 2787
2183 4204
8325 1698
911 8071
5286 9881
1576 1720
5838 8640
5617 6942
193 2679
1961 2027
1400 4596
8610 3548
8224 2640
2034 7412
3248 7419
4377 8825
5277 8873
6549 1045
8194 1587
581 6063
257 9158
8690 2025
1523 1263
2482 6074
7874 2402
6422 9111
9303 472
9532 7790
956 5319
6665 5894
9018 4114
1598 1388
7214 3932
3453 8019
4762 9346
6266 85
7825 973
6689 5706
6903 7321
7374 5682
7692 1356
4883 1096
9100 6368
6407 7703
1367 4762
7397 5946
9761 1087
1139 4601
8984 4006
2848 1874
869 4566
9931 851
7361 3880
4846 943
1253 4824
1097 8272
7736 8562
4975 5540
3840 3293
8997 2166
848 1663
3114 4631
8572 5835
9076 1667
1538 4955
3904 3752
1465 1353
7456 4316
6726 3488
2737 6452
4261 755
6681 1593
131 9493
8488 4401
1453 5682
2067 2524
3735 3766
1312 8949
3429 7600
8171 424
4320 3546
7175 1968
1919 7247
1405 5533
2279 762
240 9208
2190 8301
6618 9716
9953 6667
1973 2348
6437 6951
1526 9222
1176 8034
2561 7533
7183 6288
7872 3949
6352 821
3518 6460
2482 1538
9342 7567
9951 4802
5844 581
1718 5170
85 274
3544 7963
590 5674
9252 2262
8283 7945
5581 2933
2190 1720
345 1865
4312 6108
9609 8725
6860 2650
2740 2487
7209 1494
3092 1758
5574 794
4406 8045
2945 3358
4054 3852
4263 7843
2469 2980
1620 703
2313 5062
2456 1707
8296 7729
314 1545
4559 1797
4203 4813
8245 108
3171 1944
7392 8678
1294 8327
6694 7042
7748 937
7582 165
7071 9488
763 2220
3048 289
6313 6383
7604 398
5762 6257
3698 1230
1250 7161
78 9938
5573 614
7626 2644
8728 9664
5169 515
2672 6794
6503 216
1497 866
2310 8410
3693 2069
9077 7507
5475 4219
4951 7869
658 8799
3431 6917
7134 7306
3171 3868
34 9198
2116 9790
2553 9719
5210 1859
1310 5371
7904 4724
2739 9737
204 6806
4007 821
1824 9490
8955 2940
428 3052
3006 5683
7936 5604
2022 84
4158 7926
6273 7256
7638 365
4501 3666
2500 4030
8142 8128
2876 3237
2894 385
2962 6814
3795 1290
1171 8608
2721 592
267 357
7711 1754
2326 3379
8667 5932
2329 2295
3820 704
4651 443
9783 1688
2878 8640
7443 3858
3487 849
5892 84
1413 2200
7250 6949
5377 9101
2917 9496
1002 8593
4557 9747
1166 4347
3866 5110
7274 2636
7079 4429
298 4111
6564 2101
6342 1698
48 7556
6805 3443
1390 5930
9453 9437
1763 8563
471 4906
8039 2881
5010 5428
976 2462
5713 6165
134 1554
1659 7923
882 9528
1181 6244
2587 4729
421 838
7214 1507
8271 7680
3077 2071
5741 9400
1287 330
3627 9056
3992 9332
4971 6778
6510 6126
9451 1733
9564 6243
1216 5386
6619 3302
7816 2494
5774 1383
5713 1948
9541 1429
1102 1010
369 1866
3091 4589
5740 8191
1477 5371
6259 4486
9405 4647
1125 5949
4238 5816
1664 2753
298 6651
8879 339
2951 2071
8085 9835
3121 1458
8045 2017
6879 4432
1173 4642
9073 214
8837 7071
110 5678
6046 2112
9907 9289
1348 8883
2474 5649
8285 5557
2470 4970
1589 8661
3246 2196
5515 7078
9389 6823
5853 9712
4963 2502
2976 1712
7107 5881
257 864
9530 8133
8596 1338
2830 4274
6903 858
2159 4795
4234 8952
8228 3536
1863 2498
7592 9185
2555 4381
7106 7124
3741 7162
5856 2244
3444 3124
6451 8368
6240 9671
1975 8902
4875 1115
1455 8652
2394 1236
6297 7598
5581 9825
2825 5480
6156 3365
8797 1827
6642 1143
3618 3069
7366 8759
9517 2552
7052 5373
1124 8850
3455 884
6361 7707
2655 8522
8277 5873
4529 9442
1806 9185
2434 422
4587 19
5805 6213
9124 776
7571 2128
4886 8074
4494 5102
2594 7558
6768 9231
3758 8440
3446 9782
8299 2280
2659 6006
7183 6551
4901 20
7831 5467
621 1122
455 7393
7021 4969
295 3614
5311 9144
9944 9956
6082 1306
3961 7723
6827 6372
2831 2651
9865 6169
83 9450
6877 3055
9584 2933
2749 7572
208 8680
10 2125
4898 1158
9212 8077
5177 5332
6641 7679
8129 3701
9653 3151
869 1517
7183 8290
1579 4161
4019 4360
3463 8517
6878 65
2738 2741
2193 140
5913 3531
6186 6220
2689 346
5579 1873
4407 3395
6833 266
1847 1461
384 934
1107 965
1829 1842
9079 50
4861 6565
9651 5105
1638 7249
9744 5330
2234 276
9696 9361
1550 4330
2756 5622
2517 5525
6996 8815
2426 4798
6576 9785
3868 6697
842 3332
8794 9242
256 7333
3455 2284
3772 8393
9712 186
8461 1676
6751 3971
7450 2447
4217 9966
474 4815
8528 8862
9728 624
2908 7305
870 2395
5041 5921
5695 524
6287 5302
331 7427
5742 7219
410 5572
2610 2580
5364 8240
7275 6191
4528 924
802 9231
915 5697
2538 693
4987 6944
119 3632
9122 178
6487 3057
748 1373
4866 189
372 1688
5317 8822
6376 4616
1415 5189
9997 3111
4672 6420
8510 946
8368 437
7266 1567
2928 3913
6076 2216
3261 1190
5670 7078
538 9349
5272 6661
6205 324
7880 5206
9628 9823
166 6901
9437 4313
5774 7574
5349 9447
5126 9869
5739 2827
4167 1016
394 5678
2380 2397
1052 7886
7703 389
6291 7624
5050 69
7813 1800
9557 7315
354 736
6936 9197
9374 8728
1208 4320
6000 9688
9645 4711
1775 4916
4032 4771
5372 2715
8035 3337
567 2661
7039 9912
377 1234
242 6666
7166 7891
5807 1214
9879 5988
5522 8917
8572 1494
2020 297
8103 7398
2726 5666
5525 4837
9762 315
849 3508
7173 4014
5718 2305
8551 3236
2935 7685
2609 6982
4849 8629
2512 258
7310 9458
3758 8263
551 1056
6910 8120
8757 176
4536 7329
3567 662
1910 6874
3728 99
4100 4311
3493 780
1992 8006
8022 3582
3495 5224
4519 2898
4892 6776
2891 8579
739 9256
2990 4117
3915 9382
6205 8086
3735 2432
1096 4857
1447 4340
370 852
4389 6700
1176 6442
1994 2531
6382 3539
7193 9871
2906 9521
4132 9303
9096 4337
4059 2050
5555 9004
4262 4653
919 296
5791 6291
6376 5378
5911 9891
1050 3832
424 6247
1899 7591
8069 4095
5444 5727
9262 3084
7041 1724
2439 2581
6775 2956
2574 6618
2070 1215
8518 703
5600 1207
9126 6818
748 3486
6036 6913
3817 1742
7534 604
6320 6921
4610 7273
4868 3556
6525 4064
4256 2666
755 1407
7319 2534
864 1066
5574 7871
4901 1596
4094 4322
8966 2828
305 8700
4662 4994
2319 6982
5091 5558
946 4297
886 4530
999 2305
9842 151
3268 9908
6590 5702
3262 3632
316 6090
3263 1580
3735 2055
9702 5611
3491 7408
5303 6623
6737 8241
7978 3824
3727 6714
8122 6750
3819 8393
1326 6950
325 5408
5102 5449
1056 3142
810 7747
2636 3798
2995 8552
2419 142
457 4555
3526 1109
4860 6967
589 1776
9799 7812
497 8483
2439 2051
1111 7106
6693 2717
1976 3834
9103 4060
4922 5965
722 1915
1491 1472
1080 6537
7230 994
3345 853
3058 2096
2052 7687
7715 1132
931 5179
1020 5323
6198 3209
3989 2089
7187 9594
612 8708
740 6697
228 3328
2462 2603
7927 4853
181 431
4730 2030
1359 5476
599 2236
673 8667
8068 1281
4320 4963
8482 5808
1115 3007
1365 3080
4885 2375
4470 9038
5352 4727
9026 1698
8623 9180
1433 2454
1227 6404
3283 665
508 191
378 5804
5187 2689
9816 4083
1808 4216
4752 105
1942 9876
5790 959
8660 2432
6544 9912
389 8491
5599 9411
6917 8067
3478 7177
8940 6833
7938 5101
5298 437
2469 9789
6027 424
7812 494
351 9808
1994 3859
1684 137
9272 1245
5877 8187
1215 1903
5407 2851
8145 1731
5236 6586
2467 3558
8466 3069
4891 7090
8725 388
17 5576
189 9836
6370 6709
7091 3973
8218 6032
4854 171
507 1928
709 3425
3164 7208
7615 6099
7091 8558
2740 4650
3245 6068
9827 8209
8107 3629
7827 667
3696 6176
5092 5093
9259 2482
5975 4303
1735 1066
9759 7020
4874 4550
7510 7288
4601 7966
1872 8277
4008 5036
2621 4762
4816 3577
700 8786
7156 3580
5359 1713
5568 7311
7491 9337
4167 3888
3902 8211
3928 572
5128 2250
2758 1439
7441 8743
6354 7942
5142 5631
8239 9861
9339 4787
6485 7665
8094 8620
2147 8274
8115 3784
5224 1873
7335 7461
1006 2244
7349 1244
2024 7786
7340 6395
141 4016
5700 428
9549 3611
9273 6153
7499 2514
7534 5179
7859 1542
2216 2197
1565 2599
1384 817
2557 1608
1140 558
837 2421
2974 4307
779 3117
2113 6200
6320 3404
7663 6487
1158 3075
6534 6811
8963 485
6967 8985
4386 39
9835 5745
8893 7766
8944 3791
8842 973
8612 8698
9717 75
9784 5356
3564 9679
2812 7383
3425 9819
8288 4740
5679 1604
8528 3552
4805 3135
4808 155
4589 6244
918 14
8761 229
1388 9052
120 1595
8798 3702
7625 7184
4198 478
1282 9446
457 7410
1355 4265
5483 5598
3459 7179
4513 1295
5571 9522
5034 9682
4519 2100
4762 1958
5256 2765
2254 8304
8267 9496
1164 820
3993 3742
4980 6665
3446 1560
945 9951
3926 5751
3963 9288
684 3868
1394 1164
4038 5029
2887 3930
8843 3945
1094 9191
4691 8935
1890 3072
8239 5100
7284 2593
2167 7752
1079 2414
4333 642
9509 7653
4410 2391
4165 1403
3842 1218
5416 8804
2440 1367
9332 4616
2528 3603
1741 9393
7299 7543
3596 3013
8058 1537
3615 2225
497 3545
5477 7126
2374 7400
4580 7680
9997 4761
565 8436
6952 3172
3244 3292
9698 2711
9371 1593
843 1751
6188 6443
2769 9257
4708 5915
6052 795
4260 209
1248 9002
5194 2792
5216 5253
6692 631
7334 9766
3358 8387
5419 5305
6423 8222
8649 2339
6501 8990
441 6232
3253 428
4704 7217
6597 1075
6389 343
5435 7699
599 7249
2973 2307
1895 2016
1262 8849
8067 5096
9551 2932
2177 3126
1378 625
4358 1538
5480 4615
2737 7607
2177 410
8938 3660
6360 7004
3540 6505
3773 370
6958 4965
2821 7301
7285 9902
8582 8114
9446 1991
6328 9106
3233 4859
9412 9275
8576 2377
2334 3317
4988 5285
2622 2739
765 6061
2354 3722
590 5548
8020 2871
8194 5153
2782 1392
1026 1067
6601 4267
6490 2476
452 8224
437 2040
3940 4696
2516 3252
8812 854
4750 8620
5276 8887
6617 8224
1435 2150
2611 8132
9027 6056
6087 6059
3850 6931
5823 4829
5371 1037
5365 3818
9952 2503
5939 7227
8794 844
8528 572
699 30
5425 6902
9558 388
5161 1963
1720 5800
6063 4861
841 2526
1879 9481
1058 9947
5772 2138
2599 6671
4464 5151
267 9519
4964 9065
2689 8964
6742 8755
7813 9010
717 1051
4231 2205
4519 2646
8136 775
477 733
1299 3859
6266 3545
6243 6287
2498 9424
867 1169
1639 849
4724 9445
8578 3368
3675 8195
8426 1318
160 6866
2941 6381
5701 3823
6729 9195
8562 1311
2912 7916
9750 7835
3863 8844
8655 7158
5152 9202
7638 5185
3115 8839
4066 2268
5380 1430
2996 4963
4309 9788
87 9714
6402 3691
2488 8159
517 5776
9368 8690
9044 5748
3792 1214
8740 7841
7121 9130
4277 6697
5259 9440
2887 5065
3066 6106
9808 628
4005 1898
1805 3708
7354 6263
9563 5404
760 2650
9607 2876
3735 2329
2080 7962
6989 8042
4428 2697
1733 1364
7941 1534
3721 2546
8868 1791
7765 1674
6604 3825
4934 3380
7787 8940
4075 8895
8414 5572
8792 5391
8870 4538
3334 2548
8296 5463
5012 258
1143 211
2761 2837
2830 3272
7897 7627
5657 2066
5469 585
1898 9966
8894 9991
8586 4907
8079 4270
9249 3727
8057 1773
2633 48
5563 8399
2585 9092
1184 4317
8557 9649
2829 8974
386 5874
2001 9561
7309 6952
9206 3187
1030 6250
1105 1291
1676 3495
153 7181
4204 8256
6590 3386
1909 5013
7395 5386
7369 1321
935 5653
7490 3839
7510 3938
667 4926
3433 6657
7339 1066
8813 1820
3502 5959
2750 5814
9533 1236
6199 5011
1258 262
2849 798
2713 5828
3214 1597
8143 7327
4574 1446
6531 6385
6414 5561
4033 1498
1707 1742
407 5346
9848 7556
6346 7857
8808 6614
8547 1583
9535 3274
5920 5236
7398 783
6662 9667
2526 2172
6246 8377
64 9536
5414 7219
4874 4268
6686 5512
8441 1076
1711 5975
9134 7913
9664 9564
7451 4634
7338 9859
282 4535
6773 3076
8455 7401
3144 4491
2243 3152
3315 3988
3015 2286
3332 4285
5030 3076
2359 2377
8451 5438
6514 2690
4761 1916
9403 1413
3417 3651
2900 2173
4282 5031
1015 3614
1890 2608
8232 1811
6087 3171
4063 5303
8375 6572
8933 3539
1974 360
627 810
5887 1813
6162 3237
3310 7805
9039 5358
179 2562
2767 9871
4190 2508
3370 1083
133 8417
9146 3923
9044 3452
9044 7865
8745 7165
4783 34
375 7087
9680 556
9777 3387
4831 4462
2631 2558
665 6070
2232 3093
2848 3397
8380 1154
1638 4111
1583 4733
8105 3908
1825 580
6344 7156
4375 6123
2907 4060
2312 6817
6928 7441
9576 7869
4470 1221
4606 6824
3898 7071
7268 2093
8509 1207
6493 2208
6689 1266
1204 1522
1245 8398
6402 3729
9890 283
394 1712
7554 2240
2217 4009
3933 6
1300 1942
941 9153
1300 3846
6977 4596
7854 9241
4576 9768
6661 2270
2468 1058
4380 2183
6926 2041
1558 7436
3913 2606
1267 1170
1352 9200
240 173
2560 8414
6929 2948
6795 1911
9899 6683
5667 9277
8670 2110
5331 4645
1056 3301
1533 851
4149 9091
1889 3034
9026 8828
4028 30
7426 712
7468 358
7798 2179
7746 2772
5014 8295
4041 2241
2227 9300
1577 8916
4814 2787
1743 6644
341 9852
8427 719
112 828
640 3133
1805 3165
5066 3938
3097 2760
4673 222
2032 5031
1960 353
7295 8821
4144 905
2455 5481
6617 2939
3494 2338
5924 2894
6444 9066
9085 9592
5065 3261
4374 2103
6927 2752
8787 5656
8469 9793
6736 3000
6889 781
3512 56
2080 4343
5258 2216
7710 1598
8540 6254
6797 8032
7760 8539
7019 3446
6967 4654
1140 5694
2661 6036
7152 803
6168 8136
300 6643
1344 4769
2039 2383
2098 6264
8095 6420
9449 2959
9152 9387
5403 2628
1690 8887
1052 9503
6525 6398
1379 9173
3661 3635
5610 6263
2045 347
2342 5956
5765 3743
1183 9618
1187 5383
3861 9443
8951 50
1018 4556
9208 8717
1103 8534
19 2896
6286 811
5144 2836
4695 6356
7293 2651
4476 445
1350 2546
7201 1946
4151 6643
4539 2419
3764 5145
1871 2772
3136 7516
946 901
6026 6502
7067 2076
4051 7025
636 7181
7093 1347
9596 9349
1577 661
4431 4248
4390 8384
2023 7791
5166 959
7474 8825
3234 5168
6728 9364
6786 4540
6904 4981
1792 564
3340 1295
8165 4451
6276 5203
5086 7565
4604 2927
3704 3955
8417 2440
8984 1433
74 9577
7855 5736
2734 5275
4327 1539
9332 8425
8150 3042
8793 2256
7184 8538
7494 5859
8844 2863
983 9476
7556 805
8540 1804
5749 1173
520 9485
8673 6168
3233 8869
8913 6227
4208 7303
7498 5705
6430 1865
355 5007
7658 4510
6919 657
5717 8147
224 3388
3075 2615
2519 4651
3301 5088
4662 8245
1513 8945
1033 6887
1997 6089
2688 4973
3560 2913
7235 1709
7837 4306
4176 7539
6770 7082
1434 8051
4496 2165
6862 8896
9242 3555
939 824
3853 1833
2275 77
4397 7935
4905 3245
8845 8825
5633 7948
823 3662
3750 6177
3672 3686
2499 575
6091 3321
9660 8904
7851 4629
9881 1239
8408 2019
7817 6406
1009 2714
8068 550
8863 1584
4855 4718
2107 7379
9082 104
1034 207
6835 6646
2667 6193
1403 9167
2267 134
110 9527
1188 1111
827 4008
8950 8509
6649 8297
5879 5578
6405 9748
1287 3030
2255 1687
1492 908
4793 908
3143 128
6460 4924
5542 6872
760 1208
4173 5205
1474 6054
209 9893
6124 1463
392 4314
9424 4303
9877 983
984 6736
4730 7280
4198 1579
5928 1277
3858 7719
5559 1190
9404 3726
9947 709
6408 2473
1831 9779
9249 5521
8151 886
4305 7921
27 1504
4940 9275
261 8337
1467 5093
1712 9040
9044 5497
8501 1981
5021 7961
607 2540
8168 8357
2747 9855
752 6030
7487 340
7429 2013
6865 3937
7096 5594
752 8474
4943 6201
7357 9767
1311 1833
1441 2114
6421 6050
9826 6453
4676 5258
5611 3509
9290 6711
4961 863
6615 5612
81 5235
8501 7746
8501 8834
2789 6749
6007 8860
7990 654
1799 1794
7167 2945
5352 8313
1674 9521
821 2523
1327 9438
9039 3124
7802 2045
2374 221
4474 5009
8003 2515
6215 7528
1055 1454
7326 7091
7604 2627
5589 3571
58 2562
566 1709
8797 5780
9729 4785
3785 5191
5583 2082
1592 3967
1 205
6606 6047
1371 5902
3565 4868
8358 1530
50 3148
7073 8528
6813 516
8824 8480
8908 2931
5146 6523
1044 7893
5695 533
5780 9397
4022 968
652 4947
675 7941
2356 6398
312 4493
1305 1910
5672 5280
6855 9669
7731 4715
7133 1287
8963 4271
970 926
2196 8619
6358 4359
1484 821
6939 1707
9784 5626
7520 213
8652 3511
4621 6499
8096 8730
9674 664
8472 1358
8681 3941
9880 3827
5979 20
4080 9650
9160 8973
2341 7119
2925 5667
7504 607
8781 8624
892 4563
5725 236
8483 8843
7013 5975
263 7222
6588 2314
7258 3244
272 509
7296 4699
225 2582
741 4230
9472 1123
4945 1206
1155 319
5429 6353
2043 8283
5785 2486
8255 3505
5981 8462
675 1615
3370 8640
2186 8220
9334 7013
9439 9403
7547 686
3427 80
9551 214
8199 9677
392 7951
2604 3139
2656 973
4385 1527
5017 1395
9240 4829
3769 6707
9819 152
2713 2318
2210 3904
502 4098
2612 6738
4166 8573
5834 5486
1294 6850
3019 255
9487 1722
8286 6966
6157 7192
8232 3593
6789 8408
7814 7034
4648 8822
4507 4400
7382 6563
5717 9522
596 2981
977 4109
24 2442
2692 4245
1876 4293
3597 1184
3464 3083
1447 8194
3088 4790
9078 4123
1411 707
4253 3724
8230 7099
7865 8201
9661 4204
139 474
2404 8591
4337 4739
5641 7028
4848 8126
1839 8059
986 3501
2885 1581
2013 6769
7412 7219
5491 2692
9614 4445
3831 2061
2618 1965
7785 1479
1170 7043
9588 2939
5520 4590
5566 1790
6418 1593
924 9681
6848 711
3768 4331
3197 5733
1061 7878
1585 521
1879 3277
8698 9212
2971 7217
4409 6432
6312 6868
9492 7546
3186 9426
8034 3858
7839 51
9864 1596
3453 5018
9977 5716
3596 3507
267 267
4664 3036
3785 7785
184 7022
9152 3574
321 3461
7008 1652
3023 8630
467 5468
1191 7683
3757 3552
4633 7020
1140 7019
4428 5482
1107 6360
741 2490
9299 7193
8355 4538
4541 3008
3731 2240
3577 612
8447 305
4002 5817
7792 8196
4207 9539
3323 4555
3309 6190
811 1826
5824 8507
2531 1518
1383 1293
229 8222
5922 6419
6040 8234
1792 2773
7834 1640
2222 2387
2145 811
1326 5258
6342 6935
9079 1924
8757 4897
3030 2424
449 761
6066 1220
3128 8810
445 4521
8473 3729
641 7910
6625 5216
7511 6255
1965 5102
4673 1620
2895 1598
2323 8893
7466 3386
2188 6534
6131 1578
6069 2723
7327 61
4435 6523
1042 2142
6428 2646
3877 4749
526 5067
5701 5672
481 7991
4809 2445
6484 1092
6092 1754
2690 3775
258 4943
7199 1800
7992 1021
8529 2919
4440 357
8379 303
7785 5990
1502 4857
6224 4189
4157 7491
8320 7801
2435 7879
1984 5114
6998 1478
9364 5007
1070 6774
2425 7253
5435 4040
3580 5974
7774 4205
625 6678
7455 9104
7097 2246
3559 8477
5605 6580
8365 9306
677 7816
9141 5636
3862 4494
8757 3510
7023 7554
4605 7350
6436 9277
5863 6867
7130 7197
5206 3136
6106 3996
4414 6765
1093 6955
7299 649
7950 9167
8716 3610
6737 1025
2093 9110
6661 9139
6407 1358
68 1917
13 3098
3372 8228
2333 2866
1255 3462
3494 3313
323 4447
5799 555
9656 3574
376 6645
3950 819
7343 6935
8839 747
9589 8744
4129 2001
9475 5391
1726 8628
4192 6971
4617 2947
804 828
6333 2638
8254 2016
4102 1797
4122 9489
6587 8027
19 1561
2909 7575
6799 332
1554 1087
2883 7567
8627 427
2369 502
828 1779
850 8975
7397 6669
4882 1292
1123 7833
1915 798
1342 9748
1226 8790
9601 7025
867 8621
9976 2643
1749 3825
8905 4160
2803 3970
2821 4478
9914 7785
2290 9009
2185 17
6469 2574
5827 8227
9377 5712
5394 2116
6241 9176
6610 8199
1417 3602
9910 872
7829 1940
1732 875
8836 1177
3130 1708
5214 5840
6279 83
1086 3205
8892 821
2433 8233
1466 126
5997 6494
879 3792
6072 5350
4650 889
5892 1574
7091 9491
9448 7468
6713 2229
8746 4135
1683 9893
4617 3369
3279 6441
5504 6344
5703 246
1733 8394
8356 4452
3653 8406
9047 692
1180 3480
1831 1778
9117 5541
6386 8248
9198 1173
8764 9300
5493 7496
2002 4691
138 5858
7608 4884
6664 5649
5840 6971
8340 7738
6854 4877
619 3235
1845 8587
2207 3175
5059 1994
3869 8117
266 729
8974 475
2067 789
2622 368
1663 3168
6729 3730
844 5181
6228 1894
1023 5036
2075 2575
4967 6818
2938 3546
9707 300
8415 8440
3349 9949
2382 1011
2467 4197
974 3342
1223 6058
362 1548
9508 4979
2415 116
2211 536
7003 2179
4234 3840
282 9154
3892 1898
570 8233
4340 9549
6594 3220
597 4724
8032 8400
7990 2962
8776 8764
2942 1760
5632 6166
2875 9601
8293 7003
3043 4212
1253 1618
2493 5375
4465 8123
8623 714
7391 8658
4252 9880
9377 8630
1116 4368
1973 790
334 3926
7954 4589
1588 7980
352 5676
363 7415
5761 9090
2326 4593
7927 563
5771 9766
889 7297
7347 8381
2279 5281
5365 2968
9697 7409
1334 1454
3725 5008
1484 2121
5462 5830
6398 3782
2038 6770
6294 8619
2063 5473
6695 126
5436 1236
848 1413
3343 8890
361 3453
8021 9342
5947 7534
6334 2239
7010 4757
7812 3127
7466 5171
8556 7440
8725 2746
8754 9696
1802 8774
1967 9645
9351 2687
1646 1098
2995 1162
2551 7827
5606 6224
6870 7326
9990 5978
8365 5739
7101 2030
2675 7999
5574 6062
4796 8773
7567 1884
6938 5487
9280 6031
4403 7811
6691 3130
2796 3937
5978 4137
1220 658
3141 5967
4988 2040
7212 4974
714 9384
5440 1
3436 6032
8818 370
4809 3579
9575 7186
8024 8726
1308 1131
7517 5031
9985 6829
8441 8780
7601 6366
7901 1101
668 5390
3542 2617
4133 2101
5831 7361
5199 1600
224 7187
1478 6259
7842 5545
3509 9161
4593 4784
39 8489
8067 1846
2620 2589
966 983
1389 925
1449 46
772 7258
2070 662
5769 4755
4785 8254
2743 9820
1536 2211
4640 30
670 5531
3005 1751
1454 7039
6122 1257
1430 2110
5625 964
3296 6679
2133 1792
2102 5548
917 2232
7879 4102
5633 8469
6173 7816
6544 7
8100 2630
9569 570
367 6019
2125 3413
104 5198
1472 1803
2195 3475
2144 5938
3961 2790
1429 5537
2086 63
3445 1028
6654 4422
1270 8592
7205 6195
4412 331
105 7984
1570 9358
5395 2208
1495 3272
1495 2522
954 4000
4651 4133
2968 1561
9262 9789
1058 8549
5012 5985
8351 9485
9078 8344
5949 8605
2625 712
122 5171
4419 4142
2750 466
1748 917
4933 7738
7727 1968
9011 2625
9534 529
9310 2542
6643 3392
9603 5350
2026 105
7738 6276
2521 8919
6976 1812
245 1396
1242 9568
4605 520
8172 3322
2945 8907
1140 9428
8670 3906
5814 590
1739 5191
6181 2565
8550 1181
4147 280
4567 3612
1358 3505
8266 9978
152 2415
6494 7131
4076 8623
908 9008
4164 8261
6664 4568
5379 9933
2567 1175
2792 2308
6456 8904
1781 9834
5801 436
3033 1353
8237 7635
3843 9478
7058 6137
2540 8898
5330 3973
8724 873
3031 3365
1088 9897
5345 1771
8879 7052
2661 7393
2642 5871
6410 1306
1964 5988
4214 3077
3099 8092
626 474
1935 4254
1870 2795
6928 647
6556 7913
5707 3825
2908 5359
2257 8202
7268 3238
4979 3098
8880 9739
3786 4733
5710 9202
9146 4410
3524 724
5221 922
2391 7592
2796 6863
4045 1676
5682 2408
7503 2115
7655 6740
846 2000
566 4052
1014 8865
6352 6592
2302 8943
4221 6620
454 6569
6170 232
8463 1320
3226 8400
8350 3314
8467 8085
5471 2514
4120 3206
1347 1367
390 5079
2149 2166
4629 8143
3780 8486
1638 5029
1770 3746
2127 5709
3665 4550
6296 2018
9370 6362
519 590
9766 7441
330 4903
3641 3060
1595 1283
9876 397
3528 6052
6041 7203
1558 993
7520 6333
3268 4881
7274 9215
9717 7680
7584 1459
6582 7308
4352 8132
6226 4000
4830 1406
2954 507
3813 7384
3185 3614
9642 1103
9879 3075
3973 7557
9726 6788
2807 3806
9641 1597
5492 8429
3246 4661
3070 2777
50 936
5431 6924
7971 4961
6491 6576
251 2602
9622 347
8001 3623
264 2550
7135 8535
1311 1683
1547 3998
3282 9471
8492 9597
