100
243 926
797 761
380 6
151 219
554 652
645 77
19 837
767 317
844 479
672 763
640 323
260 24
218 577
175 473
542 427
603 13
513 322
234 652
357 208
66 624
362 307
133 695
447 176
90 112
624 705
734 521
713 683
537 859
241 957
597 519
44 97
760 629
647 487
267 494
744 731
816 741
250 155
478 546
268 556
153 957
357 477
982 537
516 539
276 775
157 198
324 119
751 12
203 779
990 671
186 161
930 901
35 658
232 654
830 746
862 757
564 529
534 531
786 815
151 501
683 237
54 686
151 991
324 493
254 372
572 744
801 46
882 53
259 844
58 644
342 988
280 836
268 996
356 89
876 752
997 516
722 404
119 696
502 59
919 109
55 688
41 344
18 69
249 857
469 925
725 546
468 89
14 15
5 462
243 390
13 735
49 94
641 267
538 523
125 636
6 32
332 245
367 906
219 980
560 576
247 307
