400
1 1
200 1
2 2
199 2
3 3
198 3
4 4
197 4
5 5
196 5
6 6
195 6
7 7
194 7
8 8
193 8
9 9
192 9
10 10
191 10
11 11
190 11
12 12
189 12
13 13
188 13
14 14
187 14
15 15
186 15
16 16
185 16
17 17
184 17
18 18
183 18
19 19
182 19
20 20
181 20
21 21
180 21
22 22
179 22
23 23
178 23
24 24
177 24
25 25
176 25
26 26
175 26
27 27
174 27
28 28
173 28
29 29
172 29
30 30
171 30
31 31
170 31
32 32
169 32
33 33
168 33
34 34
167 34
35 35
166 35
36 36
165 36
37 37
164 37
38 38
163 38
39 39
162 39
40 40
161 40
41 41
160 41
42 42
159 42
43 43
158 43
44 44
157 44
45 45
156 45
46 46
155 46
47 47
154 47
48 48
153 48
49 49
152 49
50 50
151 50
51 51
150 51
52 52
149 52
53 53
148 53
54 54
147 54
55 55
146 55
56 56
145 56
57 57
144 57
58 58
143 58
59 59
142 59
60 60
141 60
61 61
140 61
62 62
139 62
63 63
138 63
64 64
137 64
65 65
136 65
66 66
135 66
67 67
134 67
68 68
133 68
69 69
132 69
70 70
131 70
71 71
130 71
72 72
129 72
73 73
128 73
74 74
127 74
75 75
126 75
76 76
125 76
77 77
124 77
78 78
123 78
79 79
122 79
80 80
121 80
81 81
120 81
82 82
119 82
83 83
118 83
84 84
117 84
85 85
116 85
86 86
115 86
87 87
114 87
88 88
113 88
89 89
112 89
90 90
111 90
91 91
110 91
92 92
109 92
93 93
108 93
94 94
107 94
95 95
106 95
96 96
105 96
97 97
104 97
98 98
103 98
99 99
102 99
100 100
101 100
101 101
100 101
102 102
99 102
103 103
98 103
104 104
97 104
105 105
96 105
106 106
95 106
107 107
94 107
108 108
93 108
109 109
92 109
110 110
91 110
111 111
90 111
112 112
89 112
113 113
88 113
114 114
87 114
115 115
86 115
116 116
85 116
117 117
84 117
118 118
83 118
119 119
82 119
120 120
81 120
121 121
80 121
122 122
79 122
123 123
78 123
124 124
77 124
125 125
76 125
126 126
75 126
127 127
74 127
128 128
73 128
129 129
72 129
130 130
71 130
131 131
70 131
132 132
69 132
133 133
68 133
134 134
67 134
135 135
66 135
136 136
65 136
137 137
64 137
138 138
63 138
139 139
62 139
140 140
61 140
141 141
60 141
142 142
59 142
143 143
58 143
144 144
57 144
145 145
56 145
146 146
55 146
147 147
54 147
148 148
53 148
149 149
52 149
150 150
51 150
151 151
50 151
152 152
49 152
153 153
48 153
154 154
47 154
155 155
46 155
156 156
45 156
157 157
44 157
158 158
43 158
159 159
42 159
160 160
41 160
161 161
40 161
162 162
39 162
163 163
38 163
164 164
37 164
165 165
36 165
166 166
35 166
167 167
34 167
168 168
33 168
169 169
32 169
170 170
31 170
171 171
30 171
172 172
29 172
173 173
28 173
174 174
27 174
175 175
26 175
176 176
25 176
177 177
24 177
178 178
23 178
179 179
22 179
180 180
21 180
181 181
20 181
182 182
19 182
183 183
18 183
184 184
17 184
185 185
16 185
186 186
15 186
187 187
14 187
188 188
13 188
189 189
12 189
190 190
11 190
191 191
10 191
192 192
9 192
193 193
8 193
194 194
7 194
195 195
6 195
196 196
5 196
197 197
4 197
198 198
3 198
199 199
2 199
200 200
1 200
