500
783 418
67 500
338 854
126 12
738 894
884 128
784 378
196 9
829 180
111 144
806 597
811 564
200 782
567 143
12 411
224 899
816 648
203 420
353 682
312 264
995 568
102 147
224 233
279 439
777 427
933 465
473 377
231 722
245 287
646 438
558 734
77 445
881 989
840 522
175 297
67 912
501 998
542 458
694 789
314 557
139 513
117 247
663 140
778 998
475 432
618 207
422 498
561 654
65 622
213 906
642 597
793 530
673 103
202 176
183 429
83 806
464 165
785 277
242 130
241 904
695 127
936 729
184 690
987 766
773 472
698 306
797 614
423 197
288 312
710 123
971 938
334 248
640 724
49 859
976 52
791 773
431 295
312 619
545 668
113 515
650 359
395 111
989 838
959 275
999 757
617 365
408 390
233 1000
395 672
674 411
872 301
511 894
835 7
404 2
142 520
903 998
288 21
500 669
73 481
627 30
241 472
121 167
384 108
69 651
824 287
799 598
847 388
798 744
225 869
194 362
315 734
789 758
193 523
994 369
178 186
147 603
35 103
707 852
19 177
691 142
430 923
198 496
231 54
126 824
777 170
529 549
335 698
914 594
529 543
114 18
566 674
613 827
189 609
225 74
54 40
178 632
187 424
605 296
600 579
670 584
852 274
341 434
586 499
863 595
122 31
142 992
67 837
490 393
390 478
879 1000
449 644
260 818
120 164
580 41
445 779
296 952
480 776
53 743
204 554
380 890
248 757
983 687
605 767
218 865
689 940
659 901
690 662
964 250
910 219
431 900
166 196
412 958
477 902
642 534
676 548
586 630
671 231
49 738
291 231
938 37
882 690
683 651
300 284
8 96
13 161
682 473
909 978
183 957
714 672
897 847
892 188
164 684
471 500
945 538
615 82
823 146
291 607
974 647
64 63
428 898
800 989
597 635
721 954
615 948
30 313
338 3
159 285
56 562
124 334
448 533
208 120
528 425
432 983
161 622
449 338
946 789
217 686
253 415
552 396
988 491
281 423
319 76
666 633
125 63
365 279
300 804
690 883
249 507
79 757
605 886
747 720
574 691
467 902
659 408
576 975
170 723
47 391
806 12
910 227
327 138
313 97
286 438
103 889
902 179
225 247
449 460
407 143
956 977
206 268
437 223
351 407
279 970
474 578
326 917
582 274
854 484
365 80
126 180
418 819
905 978
439 887
98 637
90 981
954 113
765 841
540 467
311 292
222 461
762 737
597 1000
399 542
777 358
366 749
663 872
636 130
82 139
109 478
621 440
922 737
964 768
884 178
531 765
88 645
581 630
799 201
334 683
409 509
668 106
541 422
848 174
958 626
179 391
92 425
582 495
455 789
475 903
473 531
907 308
166 613
380 527
442 320
723 362
236 839
720 929
704 174
31 78
545 458
487 98
249 496
791 817
838 711
369 320
888 681
981 452
369 892
202 818
935 645
81 335
795 667
846 361
226 663
53 697
361 70
88 248
375 569
490 2
694 657
450 200
230 896
805 831
678 326
175 889
983 379
188 389
961 207
271 972
286 344
633 846
592 588
206 789
31 900
458 330
200 310
723 102
157 520
648 525
883 207
321 543
957 571
789 542
687 171
116 793
881 557
561 909
151 145
173 821
762 375
540 278
883 900
899 936
722 686
531 748
566 759
766 797
753 571
780 455
92 508
460 969
109 997
193 481
766 653
515 118
215 285
110 947
612 788
651 416
731 666
303 582
915 315
318 275
794 230
569 993
998 955
401 128
223 58
739 313
145 515
641 520
649 91
951 893
305 113
98 474
113 342
773 239
872 689
901 702
675 368
105 456
420 914
597 975
953 565
862 23
731 776
652 651
340 702
68 872
841 10
33 159
819 310
389 363
111 235
359 991
951 980
92 963
528 129
802 610
596 374
70 105
531 217
763 502
380 748
920 995
678 892
386 499
732 112
978 863
349 101
122 430
574 710
872 499
547 699
886 68
379 361
410 717
532 891
835 349
374 368
585 791
677 301
429 843
104 101
22 784
488 170
229 471
470 67
490 125
133 891
841 577
590 279
969 759
194 601
521 528
524 992
345 684
637 819
215 166
6 425
994 712
94 196
226 606
766 903
428 841
686 279
286 51
976 5
667 731
535 816
531 552
619 632
199 377
34 555
757 860
304 648
246 215
699 634
413 851
152 643
524 615
142 695
948 290
915 660
855 881
287 532
500 77
406 176
800 643
468 686
448 485
647 500
940 817
442 652
969 323
899 768
551 73
701 499
634 413
856 107
215 130
639 573
980 217
