300
508 261
503 823
501 430
508 302
504 289
509 590
500 118
501 24
500 3
506 659
504 603
507 972
506 805
506 126
507 445
506 128
509 51
503 458
504 860
507 449
507 747
503 663
501 891
505 236
501 865
501 118
506 877
505 741
509 222
501 20
506 940
508 45
509 642
508 100
507 485
508 121
505 104
504 500
502 741
501 851
506 907
503 499
500 159
507 705
507 439
505 55
506 107
509 719
508 1000
507 985
504 670
504 399
507 298
506 968
501 499
508 179
506 609
509 451
503 625
502 103
502 352
502 981
506 852
506 473
506 773
504 426
508 848
506 306
504 713
500 72
507 334
507 583
504 2
504 573
508 850
502 431
500 812
500 314
502 387
509 566
502 438
501 828
500 846
504 586
501 375
509 506
508 647
506 925
500 199
503 17
507 39
501 578
509 751
509 526
508 593
505 54
500 333
504 991
505 155
507 327
509 152
503 594
503 20
505 971
501 40
508 619
500 446
509 62
508 576
503 882
500 688
507 879
503 58
508 193
507 631
507 925
501 457
507 162
509 739
501 281
508 386
507 64
505 498
508 858
507 447
502 727
506 675
506 760
503 570
509 148
503 909
505 956
504 798
508 380
505 66
501 520
501 589
501 94
507 330
506 4
500 751
504 403
509 805
505 801
500 263
505 688
500 103
504 781
500 45
501 965
509 516
500 196
501 722
504 608
507 758
503 853
506 611
503 675
509 107
502 299
509 870
508 368
504 639
503 745
501 985
509 180
507 110
507 803
506 552
503 78
505 960
500 638
507 617
503 706
501 880
507 45
507 667
500 921
500 320
509 60
506 743
502 161
503 382
507 169
509 39
505 85
506 518
506 869
505 777
503 624
501 579
502 313
505 124
501 101
505 827
505 62
505 402
500 348
505 678
505 484
506 855
500 828
507 92
503 194
502 818
509 592
507 737
509 29
508 202
503 547
503 275
508 438
508 820
505 906
502 375
506 858
505 889
500 345
504 576
509 657
506 700
509 613
501 837
500 935
503 574
506 618
508 458
502 867
505 205
506 72
504 7
500 524
507 182
503 952
504 706
505 521
506 168
509 56
508 535
500 800
509 416
503 399
503 707
503 567
508 878
507 259
505 567
505 363
501 607
509 216
500 179
507 233
503 375
506 100
504 386
508 370
502 350
503 830
503 648
508 936
500 956
500 535
501 931
501 887
502 779
509 926
507 159
505 191
505 772
502 820
506 751
502 584
507 340
504 768
503 7
502 454
507 825
502 835
507 91
503 925
508 393
506 315
502 138
503 631
500 308
501 289
501 166
503 10
500 583
509 323
502 255
503 67
505 690
507 365
500 994
504 978
505 126
507 859
501 526
503 796
