400
946 201
508 203
961 209
413 801
79 800
209 803
185 804
642 809
804 806
808 204
173 809
451 207
264 200
307 808
270 200
88 809
733 803
528 200
952 203
387 808
245 800
948 801
652 205
789 808
240 203
152 806
848 200
110 201
376 202
650 207
530 204
93 808
947 805
904 204
727 800
989 201
143 806
573 800
985 206
526 806
238 202
976 209
813 207
194 806
657 209
159 802
897 801
177 206
87 808
792 209
975 807
588 808
929 209
850 208
3 803
436 204
704 805
37 206
483 809
654 202
490 208
502 202
790 201
102 204
437 804
244 209
866 806
107 809
229 205
915 200
877 801
353 200
381 800
518 209
329 207
849 200
297 207
793 202
539 804
867 207
408 209
208 804
545 800
794 206
682 802
412 802
950 806
561 203
758 209
294 202
407 801
778 800
463 207
349 205
618 209
897 807
37 803
715 801
591 201
347 205
960 803
793 806
368 803
557 800
339 800
965 801
539 808
570 807
821 807
218 800
63 809
484 208
345 209
970 203
625 804
283 207
750 803
551 808
66 802
804 201
568 809
508 209
981 206
258 805
823 802
394 804
222 803
34 206
475 207
341 807
565 809
674 800
455 800
452 805
885 802
188 807
979 201
654 204
679 805
86 201
764 202
880 204
242 207
968 204
799 805
470 802
215 808
654 807
601 807
50 208
845 202
124 804
369 201
358 801
438 809
871 207
687 804
34 200
950 804
333 208
431 808
988 208
164 801
326 207
203 205
15 801
850 200
513 805
68 203
937 200
609 202
171 208
834 807
846 802
13 806
463 805
821 804
559 206
217 201
580 204
96 800
356 802
985 203
595 801
773 807
121 804
759 204
82 207
245 809
372 206
248 203
811 802
560 204
366 205
733 203
776 208
157 802
278 207
646 801
962 801
324 202
493 809
445 801
622 200
833 200
259 808
427 808
133 807
388 806
725 206
629 207
657 803
821 206
630 203
84 802
431 207
909 809
361 200
187 209
116 806
872 807
879 205
707 201
910 803
735 202
995 202
817 205
888 204
281 808
553 209
314 806
769 805
184 201
333 205
835 203
173 208
567 209
635 801
627 200
86 805
180 804
273 200
16 209
492 206
292 806
670 807
682 803
991 803
242 800
30 202
938 809
65 808
155 804
954 805
84 806
841 209
250 201
687 203
323 201
757 804
282 208
343 801
644 802
29 800
157 200
753 804
24 203
63 802
621 800
764 808
717 807
682 801
958 209
334 202
529 206
745 809
825 207
196 807
679 203
503 807
167 807
156 807
913 806
719 805
822 200
756 209
553 205
826 805
158 807
607 805
457 801
547 206
191 201
736 209
735 208
770 209
439 202
826 206
817 200
641 808
612 802
31 200
200 801
292 208
238 808
155 806
169 209
936 204
564 805
72 803
820 200
729 200
173 209
927 202
79 808
877 807
720 808
156 204
233 200
636 207
246 804
853 805
739 803
728 203
196 206
569 803
866 202
255 204
143 205
258 205
814 203
123 202
889 206
87 809
619 202
806 206
69 209
209 806
885 205
842 207
204 209
916 807
727 209
891 205
807 809
698 205
377 805
294 200
172 804
558 805
557 807
786 808
838 803
156 203
732 205
55 801
832 208
231 207
828 808
838 201
268 807
880 200
409 203
964 201
883 806
116 804
964 800
393 809
864 809
270 207
148 804
854 208
937 209
997 201
922 807
755 206
863 804
236 205
654 801
818 205
258 202
730 809
20 807
636 206
222 807
680 201
649 200
191 806
633 209
412 801
856 205
272 204
744 804
579 205
951 200
933 203
33 209
222 209
502 201
28 207
