350
289 612
132 918
724 309
468 728
155 691
771 911
407 332
884 189
544 672
261 453
837 247
207 188
995 735
729 443
471 598
797 292
814 914
336 990
284 274
552 738
886 999
618 914
791 136
587 381
589 550
547 405
218 437
40 374
900 985
77 799
71 760
446 630
793 440
610 118
427 476
4 960
463 126
134 280
291 734
71 666
746 192
727 653
255 815
379 302
339 695
765 919
533 278
799 231
68 137
443 89
160 714
963 602
508 150
151 831
765 47
682 390
722 372
837 206
887 305
902 154
726 215
741 322
213 462
883 266
605 258
782 394
502 480
405 444
818 217
442 158
177 962
39 579
375 42
211 654
765 856
980 993
14 469
517 923
401 552
485 468
428 514
605 240
595 289
690 610
873 741
21 159
369 219
495 379
218 856
155 765
595 666
213 901
591 90
869 212
133 81
912 992
319 97
307 852
898 937
716 190
753 601
854 995
539 365
838 468
942 826
654 613
803 615
823 212
825 810
206 100
964 548
252 503
788 88
370 562
955 218
184 214
936 850
515 947
928 279
727 943
458 605
648 746
42 375
424 345
752 606
115 923
192 909
614 984
811 744
853 181
259 565
486 462
497 415
246 689
208 751
365 175
961 895
344 893
23 717
642 730
409 92
583 106
36 387
862 770
844 156
168 153
681 142
692 641
202 317
965 469
83 646
917 142
512 494
91 694
185 513
108 341
312 676
398 987
286 92
334 300
601 797
665 2
997 879
164 386
996 880
681 704
597 114
161 731
636 462
296 979
689 922
305 312
577 960
215 301
891 968
54 95
100 444
513 556
988 941
275 631
382 455
847 476
644 382
874 514
448 918
897 70
253 274
789 166
186 902
814 827
17 545
925 460
484 972
383 462
621 143
744 812
199 140
134 451
188 607
467 499
790 973
882 629
310 138
266 134
903 229
18 687
58 14
415 401
109 542
436 482
818 808
84 422
293 11
130 696
693 293
347 348
892 279
365 533
6 93
31 69
320 602
797 819
106 119
233 275
399 654
105 78
304 562
662 421
581 349
468 913
257 777
523 570
54 723
707 287
527 677
279 464
567 37
44 94
372 358
487 656
974 586
184 778
37 571
875 983
13 379
875 585
950 283
953 193
840 734
191 474
253 37
768 65
152 80
529 608
70 13
839 925
548 709
712 831
719 726
938 93
925 5
654 521
863 38
121 398
302 728
745 736
253 765
353 580
448 237
522 622
258 484
137 84
92 183
162 646
889 261
783 501
286 59
82 328
368 957
359 633
713 183
221 795
608 431
884 987
331 154
603 670
133 444
47 290
771 534
429 514
103 314
575 509
346 541
245 278
74 396
406 697
331 837
715 6
61 300
961 941
457 54
137 325
283 316
166 615
152 599
120 117
691 936
340 118
170 375
789 93
1000 470
703 296
671 519
454 944
509 747
54 778
684 929
932 125
400 556
124 526
171 366
644 323
593 32
204 15
574 160
103 138
450 434
929 577
802 106
712 532
818 861
495 615
137 981
571 156
946 262
177 590
385 182
601 765
788 752
748 914
947 431
424 527
98 636
273 126
168 115
299 196
477 738
819 48
426 822
914 801
