100
491 15
509 15
495 25
505 25
494 35
506 35
494 45
506 45
493 55
507 55
492 65
508 65
494 75
506 75
497 85
503 85
498 95
502 95
494 105
506 105
496 115
504 115
493 125
507 125
495 135
505 135
497 145
503 145
493 155
507 155
496 165
504 165
497 175
503 175
497 185
503 185
493 195
507 195
492 205
508 205
490 215
510 215
494 225
506 225
498 235
502 235
498 245
502 245
494 255
506 255
493 265
507 265
493 275
507 275
493 285
507 285
490 295
510 295
491 305
509 305
499 315
501 315
498 325
502 325
491 335
509 335
498 345
502 345
497 355
503 355
490 365
510 365
494 375
506 375
495 385
505 385
490 395
510 395
498 405
502 405
498 415
502 415
490 425
510 425
497 435
503 435
497 445
503 445
493 455
507 455
492 465
508 465
493 475
507 475
494 485
506 485
494 495
506 495
490 505
510 505
