200
405 761
615 634
786 2
79 131
990 826
87 258
1 735
677 833
169 624
321 393
970 450
178 673
7 564
900 98
759 464
987 668
727 477
202 875
886 191
821 13
292 827
956 161
488 952
976 899
848 776
260 729
393 320
464 810
95 80
839 957
336 745
479 348
716 499
975 612
651 434
495 493
371 463
849 48
772 526
348 63
641 987
12 503
794 372
790 88
522 451
302 460
156 365
336 737
715 682
827 899
237 118
727 413
22 954
549 617
281 952
926 661
602 909
610 711
603 588
417 539
722 141
779 720
488 676
468 216
881 129
296 928
502 264
172 623
901 529
968 771
238 628
302 150
621 310
576 363
656 912
488 516
349 122
516 681
227 899
728 165
113 334
140 45
112 848
54 753
39 621
444 157
434 743
993 542
931 598
585 84
524 476
560 826
186 15
207 301
700 483
679 826
756 212
717 56
739 71
323 840
751 66
459 122
701 231
135 819
631 475
185 246
191 30
3 967
679 480
368 398
439 784
851 385
572 504
667 305
826 65
921 292
437 809
285 573
600 293
922 819
727 221
61 132
553 54
762 958
632 354
880 651
406 548
984 788
478 63
387 57
454 539
666 715
784 612
54 246
813 982
284 94
197 108
357 639
253 66
987 271
535 53
214 265
176 730
760 766
555 514
820 646
769 873
243 67
857 262
758 888
742 360
296 236
571 434
544 20
348 619
14 351
48 722
825 798
578 107
523 594
830 805
32 923
510 148
817 682
585 791
670 852
813 714
835 189
533 700
339 148
305 494
224 250
115 638
226 639
288 227
489 67
323 120
93 482
106 618
750 625
146 193
695 597
993 345
965 16
43 406
176 831
836 578
258 840
237 373
242 660
890 164
941 199
868 682
770 173
863 126
938 901
739 149
140 599
6 422
570 653
